1 9088413.21089179 -15036418.93928664 -19388142.97748012
2 9089480.28684397 -15034082.19958381 -19389478.31204376
3 9090547.54969485 -15031745.36095641 -19390813.21511872
4 9091614.99944120 -15029408.42347192 -19392147.68667616
5 9092682.63607975 -15027071.38719786 -19393481.72668727
6 9093750.45960727 -15024734.25220171 -19394815.33512323
7 9094818.47002043 -15022397.01855102 -19396148.51195524
8 9095886.66731600 -15020059.68631326 -19397481.25715451
9 9096955.05149063 -15017722.25555597 -19398813.57069227
10 9098023.62254104 -15015384.72634666 -19400145.45253973
11 9099092.38046388 -15013047.09875283 -19401476.90266814
12 9100161.32525582 -15010709.37284201 -19402807.92104874
13 9101230.45691350 -15008371.54868170 -19404138.50765281
14 9102299.77543358 -15006033.62633942 -19405468.66245160
15 9103369.28081264 -15003695.60588272 -19406798.38541640
16 9104438.97304732 -15001357.48737907 -19408127.67651849
17 9105508.85213420 -14999019.27089603 -19409456.53572918
18 9106578.91806988 -14996680.95650112 -19410784.96301978
19 9107649.17085091 -14994342.54426184 -19412112.95836160
20 9108719.61047386 -14992004.03424575 -19413440.52172598
21 9109790.23693528 -14989665.42652034 -19414767.65308427
22 9110861.05023171 -14987326.72115314 -19416094.35240780
23 9111932.05035963 -14984987.91821173 -19417420.61966794
24 9113003.23731558 -14982649.01776358 -19418746.45483606
25 9114074.61109606 -14980310.01987625 -19420071.85788355
26 9115146.17169755 -14977970.92461728 -19421396.82878179
27 9116217.91911649 -14975631.73205419 -19422721.36750219
28 9117289.85334935 -14973292.44225451 -19424045.47401616
29 9118361.97439260 -14970953.05528580 -19425369.14829512
30 9119434.28224266 -14968613.57121557 -19426692.39031050
31 9120506.77689591 -14966273.99011139 -19428015.20003375
32 9121579.45834880 -14963934.31204078 -19429337.57743632
33 9122652.32659771 -14961594.53707128 -19430659.52248966
34 9123725.38163902 -14959254.66527044 -19431981.03516526
35 9124798.62346909 -14956914.69670580 -19433302.11543460
36 9125872.05208427 -14954574.63144491 -19434622.76326917
37 9126945.66748093 -14952234.46955532 -19435942.97864047
38 9128019.46965537 -14949894.21110456 -19437262.76152001
39 9129093.45860393 -14947553.85616021 -19438582.11187933
40 9130167.63432288 -14945213.40478979 -19439901.02968995
41 9131241.99680856 -14942872.85706086 -19441219.51492343
42 9132316.54605720 -14940532.21304099 -19442537.56755130
43 9133391.28206510 -14938191.47279770 -19443855.18754514
44 9134466.20482849 -14935850.63639858 -19445172.37487652
45 9135541.31434362 -14933509.70391117 -19446489.12951703
46 9136616.61060672 -14931168.67540303 -19447805.45143826
47 9137692.09361402 -14928827.55094170 -19449121.34061182
48 9138767.76336167 -14926486.33059477 -19450436.79700931
49 9139843.61984593 -14924145.01442978 -19451751.82060238
50 9140919.66306291 -14921803.60251431 -19453066.41136264
51 9141995.89300882 -14919462.09491590 -19454380.56926177
52 9143072.30967979 -14917120.49170214 -19455694.29427139
53 9144148.91307196 -14914778.79294059 -19457007.58636318
54 9145225.70318147 -14912436.99869878 -19458320.44550882
55 9146302.68000443 -14910095.10904432 -19459632.87167999
56 9147379.84353692 -14907753.12404478 -19460944.86484839
57 9148457.19377503 -14905411.04376771 -19462256.42498573
58 9149534.73071487 -14903068.86828069 -19463567.55206372
59 9150612.45435247 -14900726.59765128 -19464878.24605410
60 9151690.36468389 -14898384.23194707 -19466188.50692860
61 9152768.46170514 -14896041.77123564 -19467498.33465895
62 9153846.74541230 -14893699.21558454 -19468807.72921694
63 9154925.21580134 -14891356.56506136 -19470116.69057431
64 9156003.87286826 -14889013.81973369 -19471425.21870286
65 9157082.71660906 -14886670.97966910 -19472733.31357437
66 9158161.74701971 -14884328.04493516 -19474040.97516063
67 9159240.96409616 -14881985.01559948 -19475348.20343345
68 9160320.36783438 -14879641.89172961 -19476654.99836467
69 9161399.95823027 -14877298.67339316 -19477961.35992609
70 9162479.73527980 -14874955.36065768 -19479267.28808957
71 9163559.69897882 -14872611.95359081 -19480572.78282696
72 9164639.84932329 -14870268.45226009 -19481877.84411010
73 9165720.18630904 -14867924.85673312 -19483182.47191087
74 9166800.70993198 -14865581.16707750 -19484486.66620116
75 9167881.42018795 -14863237.38336083 -19485790.42695285
76 9168962.31707281 -14860893.50565065 -19487093.75413784
77 9170043.40058235 -14858549.53401462 -19488396.64772803
78 9171124.67071246 -14856205.46852029 -19489699.10769537
79 9172206.12745889 -14853861.30923527 -19491001.13401178
80 9173287.77081747 -14851517.05622715 -19492302.72664918
81 9174369.60078396 -14849172.70956353 -19493603.88557955
82 9175451.61735414 -14846828.26931202 -19494904.61077484
83 9176533.82052377 -14844483.73554019 -19496204.90220701
84 9177616.21028860 -14842139.10831566 -19497504.75984805
85 9178698.78664433 -14839794.38770604 -19498804.18366997
86 9179781.54958670 -14837449.57377891 -19500103.17364474
87 9180864.49911144 -14835104.66660188 -19501401.72974440
88 9181947.63521421 -14832759.66624257 -19502699.85194096
89 9183030.95789070 -14830414.57276857 -19503997.54020646
90 9184114.46713657 -14828069.38624748 -19505294.79451294
91 9185198.16294749 -14825724.10674693 -19506591.61483244
92 9186282.04531911 -14823378.73433451 -19507888.00113704
93 9187366.11424703 -14821033.26907784 -19509183.95339881
94 9188450.36972688 -14818687.71104453 -19510479.47158983
95 9189534.81175428 -14816342.06030217 -19511774.55568220
96 9190619.44032481 -14813996.31691841 -19513069.20564803
97 9191704.25543404 -14811650.48096084 -19514363.42145942
98 9192789.25707754 -14809304.55249708 -19515657.20308849
99 9193874.44525088 -14806958.53159475 -19516950.55050739
100 9194959.81994959 -14804612.41832145 -19518243.46368827
101 9196045.38116920 -14802266.21274481 -19519535.94260328
102 9197131.12890521 -14799919.91493246 -19520827.98722457
103 9198217.06315315 -14797573.52495199 -19522119.59752433
104 9199303.18390847 -14795227.04287106 -19523410.77347474
105 9200389.49116670 -14792880.46875725 -19524701.51504800
106 9201475.98492326 -14790533.80267821 -19525991.82221634
107 9202562.66517363 -14788187.04470157 -19527281.69495193
108 9203649.53191322 -14785840.19489493 -19528571.13322702
109 9204736.58513750 -14783493.25332593 -19529860.13701385
110 9205823.82484184 -14781146.22006220 -19531148.70628466
111 9206911.25102166 -14778799.09517136 -19532436.84101173
112 9207998.86367235 -14776451.87872103 -19533724.54116730
113 9209086.66278928 -14774104.57077887 -19535011.80672365
114 9210174.64836782 -14771757.17141248 -19536298.63765308
115 9211262.82040330 -14769409.68068951 -19537585.03392788
116 9212351.17889109 -14767062.09867758 -19538870.99552036
117 9213439.72382651 -14764714.42544432 -19540156.52240286
118 9214528.45520482 -14762366.66105739 -19541441.61454768
119 9215617.37302138 -14760018.80558441 -19542726.27192716
120 9216706.47727146 -14757670.85909300 -19544010.49451367
121 9217795.76795033 -14755322.82165082 -19545294.28227955
122 9218885.24505324 -14752974.69332551 -19546577.63519719
123 9219974.90857543 -14750626.47418470 -19547860.55323895
124 9221064.75851218 -14748278.16429601 -19549143.03637723
125 9222154.79485869 -14745929.76372712 -19550425.08458443
126 9223245.01761014 -14743581.27254565 -19551706.69783296
127 9224335.42676178 -14741232.69081925 -19552987.87609525
128 9225426.02230876 -14738884.01861555 -19554268.61934371
129 9226516.80424625 -14736535.25600222 -19555548.92755080
130 9227607.77256944 -14734186.40304689 -19556828.80068896
131 9228698.92727343 -14731837.45981719 -19558108.23873066
132 9229790.26835340 -14729488.42638081 -19559387.24164837
133 9230881.79580445 -14727139.30280536 -19560665.80941458
134 9231973.50962169 -14724790.08915851 -19561943.94200176
135 9233065.40980021 -14722440.78550790 -19563221.63938243
136 9234157.49633511 -14720091.39192117 -19564498.90152911
137 9235249.76922143 -14717741.90846602 -19565775.72841431
138 9236342.22845426 -14715392.33521004 -19567052.12001057
139 9237434.87402863 -14713042.67222093 -19568328.07629042
140 9238527.70593958 -14710692.91956633 -19569603.59722643
141 9239620.72418211 -14708343.07731389 -19570878.68279117
142 9240713.92875125 -14705993.14553127 -19572153.33295718
143 9241807.31964197 -14703643.12428613 -19573427.54769709
144 9242900.89684928 -14701293.01364613 -19574701.32698346
145 9243994.66036813 -14698942.81367893 -19575974.67078891
146 9245088.61019349 -14696592.52445217 -19577247.57908605
147 9246182.74632028 -14694242.14603353 -19578520.05184752
148 9247277.06874343 -14691891.67849069 -19579792.08904594
149 9248371.57745789 -14689541.12189127 -19581063.69065396
150 9249466.27245855 -14687190.47630295 -19582334.85664424
151 9250561.15374028 -14684839.74179342 -19583605.58698944
152 9251656.22129798 -14682488.91843031 -19584875.88166224
153 9252751.47512653 -14680138.00628131 -19586145.74063533
154 9253846.91522076 -14677787.00541406 -19587415.16388140
155 9254942.54157552 -14675435.91589626 -19588684.15137317
156 9256038.35418563 -14673084.73779557 -19589952.70308333
157 9257134.35304593 -14670733.47117963 -19591220.81898465
158 9258230.53815121 -14668382.11611614 -19592488.49904984
159 9259326.90949623 -14666030.67267278 -19593755.74325164
160 9260423.46707582 -14663679.14091720 -19595022.55156285
161 9261520.21088472 -14661327.52091707 -19596288.92395619
162 9262617.14091768 -14658975.81274009 -19597554.86040447
163 9263714.25716945 -14656624.01645388 -19598820.36088048
164 9264811.55963473 -14654272.13212619 -19600085.42535699
165 9265909.04830828 -14651920.15982464 -19601350.05380684
166 9267006.72318477 -14649568.09961692 -19602614.24620284
167 9268104.58425889 -14647215.95157073 -19603878.00251782
168 9269202.63152532 -14644863.71575372 -19605141.32272463
169 9270300.86497873 -14642511.39223358 -19606404.20679610
170 9271399.28461376 -14640158.98107799 -19607666.65470510
171 9272497.89042506 -14637806.48235463 -19608928.66642452
172 9273596.68240723 -14635453.89613119 -19610190.24192722
173 9274695.66055493 -14633101.22247532 -19611451.38118610
174 9275794.82486271 -14630748.46145475 -19612712.08417406
175 9276894.17532519 -14628395.61313713 -19613972.35086401
176 9277993.71193693 -14626042.67759016 -19615232.18122888
177 9279093.43469249 -14623689.65488152 -19616491.57524160
178 9280193.34358642 -14621336.54507890 -19617750.53287511
179 9281293.43861328 -14618983.34824997 -19619009.05410236
180 9282393.71976754 -14616630.06446245 -19620267.13889633
181 9283494.18704376 -14614276.69378400 -19621524.78722998
182 9284594.84043643 -14611923.23628232 -19622781.99907629
183 9285695.67994002 -14609569.69202510 -19624038.77440826
184 9286796.70554901 -14607216.06108003 -19625295.11319890
185 9287897.91725786 -14604862.34351480 -19626551.01542123
186 9288999.31506102 -14602508.53939711 -19627806.48104826
187 9290100.89895293 -14600154.64879464 -19629061.51005303
188 9291202.66892799 -14597800.67177510 -19630316.10240859
189 9292304.62498061 -14595446.60840617 -19631570.25808799
190 9293406.76710523 -14593092.45875554 -19632823.97706430
191 9294509.09529618 -14590738.22289093 -19634077.25931060
192 9295611.60954787 -14588383.90088001 -19635330.10479997
193 9296714.30985463 -14586029.49279049 -19636582.51350552
194 9297817.19621083 -14583674.99869008 -19637834.48540033
195 9298920.26861078 -14581320.41864645 -19639086.02045755
196 9300023.52704882 -14578965.75272733 -19640337.11865029
197 9301126.97151923 -14576611.00100040 -19641587.77995169
198 9302230.60201634 -14574256.16353336 -19642838.00433490
199 9303334.41853441 -14571901.24039394 -19644087.79177307
200 9304438.42106772 -14569546.23164980 -19645337.14223939
201 9305542.60961051 -14567191.13736867 -19646586.05570702
202 9306646.98415705 -14564835.95761824 -19647834.53214915
203 9307751.54470154 -14562480.69246623 -19649082.57153900
204 9308856.29123823 -14560125.34198032 -19650330.17384976
205 9309961.22376129 -14557769.90622826 -19651577.33905465
206 9311066.34226494 -14555414.38527771 -19652824.06712691
207 9312171.64674336 -14553058.77919639 -19654070.35803978
208 9313277.13719071 -14550703.08805202 -19655316.21176650
209 9314382.81360114 -14548347.31191231 -19656561.62828034
210 9315488.67596879 -14545991.45084496 -19657806.60755457
211 9316594.72428782 -14543635.50491767 -19659051.14956248
212 9317700.95855232 -14541279.47419816 -19660295.25427736
213 9318807.37875638 -14538923.35875415 -19661538.92167249
214 9319913.98489412 -14536567.15865334 -19662782.15172122
215 9321020.77695961 -14534210.87396343 -19664024.94439683
216 9322127.75494692 -14531854.50475217 -19665267.29967269
217 9323234.91885009 -14529498.05108725 -19666509.21752213
218 9324342.26866315 -14527141.51303639 -19667750.69791850
219 9325449.80438018 -14524784.89066727 -19668991.74083517
220 9326557.52599515 -14522428.18404765 -19670232.34624552
221 9327665.43350205 -14520071.39324526 -19671472.51412291
222 9328773.52689492 -14517714.51832777 -19672712.24444077
223 9329881.80616770 -14515357.55936290 -19673951.53717247
224 9330990.27131435 -14513000.51641841 -19675190.39229146
225 9332098.92232886 -14510643.38956199 -19676428.80977113
226 9333207.75920512 -14508286.17886135 -19677666.78958494
227 9334316.78193711 -14505928.88438423 -19678904.33170634
228 9335425.99051868 -14503571.50619835 -19680141.43610876
229 9336535.38494379 -14501214.04437141 -19681378.10276570
230 9337644.96520628 -14498856.49897116 -19682614.33165061
231 9338754.73130007 -14496498.87006529 -19683850.12273700
232 9339864.68321898 -14494141.15772157 -19685085.47599835
233 9340974.82095689 -14491783.36200767 -19686320.39140817
234 9342085.14450763 -14489425.48299134 -19687554.86893999
235 9343195.65386502 -14487067.52074031 -19688788.90856732
236 9344306.34902286 -14484709.47532229 -19690022.51026373
237 9345417.22997498 -14482351.34680503 -19691255.67400273
238 9346528.29671514 -14479993.13525623 -19692488.39975791
239 9347639.54923712 -14477634.84074363 -19693720.68750283
240 9348750.98753469 -14475276.46333495 -19694952.53721106
241 9349862.61160158 -14472918.00309792 -19696183.94885620
242 9350974.42143155 -14470559.46010027 -19697414.92241186
243 9352086.41701829 -14468200.83440975 -19698645.45785163
244 9353198.59835555 -14465842.12609406 -19699875.55514915
245 9354310.96543701 -14463483.33522092 -19701105.21427804
246 9355423.51825632 -14461124.46185811 -19702334.43521194
247 9356536.25680720 -14458765.50607333 -19703563.21792451
248 9357649.18108330 -14456406.46793431 -19704791.56238941
249 9358762.29107825 -14454047.34750878 -19706019.46858032
250 9359875.58678570 -14451688.14486448 -19707246.93647091
251 9360989.06819925 -14449328.86006916 -19708473.96603487
252 9362102.73531253 -14446969.49319052 -19709700.55724592
253 9363216.58811913 -14444610.04429633 -19710926.71007777
254 9364330.62661263 -14442250.51345430 -19712152.42450413
255 9365444.85078660 -14439890.90073217 -19713377.70049876
256 9366559.26063460 -14437531.20619768 -19714602.53803537
257 9367673.85615017 -14435171.42991857 -19715826.93708775
258 9368788.63732685 -14432811.57196256 -19717050.89762964
259 9369903.60415814 -14430451.63239743 -19718274.41963483
260 9371018.75663759 -14428091.61129086 -19719497.50307710
261 9372134.09475864 -14425731.50871063 -19720720.14793025
262 9373249.61851481 -14423371.32472447 -19721942.35416809
263 9374365.32789955 -14421011.05940012 -19723164.12176443
264 9375481.22290632 -14418650.71280531 -19724385.45069309
265 9376597.30352857 -14416290.28500780 -19725606.34092791
266 9377713.56975973 -14413929.77607530 -19726826.79244276
267 9378830.02159319 -14411569.18607559 -19728046.80521147
268 9379946.65902240 -14409208.51507638 -19729266.37920793
269 9381063.48204073 -14406847.76314543 -19730485.51440601
270 9382180.49064155 -14404486.93035048 -19731704.21077958
271 9383297.68481824 -14402126.01675927 -19732922.46830257
272 9384415.06456415 -14399765.02243955 -19734140.28694888
273 9385532.62987263 -14397403.94745907 -19735357.66669242
274 9386650.38073701 -14395042.79188554 -19736574.60750713
275 9387768.31715057 -14392681.55578676 -19737791.10936695
276 9388886.43910665 -14390320.23923044 -19739007.17224582
277 9390004.74659855 -14387958.84228432 -19740222.79611772
278 9391123.23961952 -14385597.36501617 -19741437.98095661
279 9392241.91816283 -14383235.80749373 -19742652.72673647
280 9393360.78222174 -14380874.16978474 -19743867.03343130
281 9394479.83178949 -14378512.45195695 -19745080.90101509
282 9395599.06685932 -14376150.65407812 -19746294.32946186
283 9396718.48742440 -14373788.77621600 -19747507.31874563
284 9397838.09347798 -14371426.81843832 -19748719.86884045
285 9398957.88501323 -14369064.78081282 -19749931.97972035
286 9400077.86202332 -14366702.66340731 -19751143.65135938
287 9401198.02450143 -14364340.46628947 -19752354.88373160
288 9402318.37244070 -14361978.18952709 -19753565.67681111
289 9403438.90583427 -14359615.83318793 -19754776.03057196
290 9404559.62467526 -14357253.39733971 -19755985.94498828
291 9405680.52895679 -14354890.88205019 -19757195.42003414
292 9406801.61867196 -14352528.28738716 -19758404.45568369
293 9407922.89381386 -14350165.61341831 -19759613.05191104
294 9409044.35437555 -14347802.86021146 -19760821.20869033
295 9410166.00035012 -14345440.02783431 -19762028.92599570
296 9411287.83173059 -14343077.11635464 -19763236.20380131
297 9412409.84851001 -14340714.12584020 -19764443.04208133
298 9413532.05068140 -14338351.05635875 -19765649.44080994
299 9414654.43823779 -14335987.90797803 -19766855.39996133
300 9415777.01117214 -14333624.68076583 -19768060.91950968
301 9416899.76947748 -14331261.37478986 -19769265.99942923
302 9418022.71314675 -14328897.99011792 -19770470.63969417
303 9419145.84217294 -14326534.52681772 -19771674.84027874
304 9420269.15654896 -14324170.98495706 -19772878.60115720
305 9421392.65626776 -14321807.36460369 -19774081.92230377
306 9422516.34132230 -14319443.66582534 -19775284.80369271
307 9423640.21170544 -14317079.88868979 -19776487.24529831
308 9424764.26741008 -14314716.03326482 -19777689.24709485
309 9425888.50842914 -14312352.09961816 -19778890.80905661
310 9427012.93475547 -14309988.08781755 -19780091.93115790
311 9428137.54638192 -14307623.99793080 -19781292.61337303
312 9429262.34330135 -14305259.83002563 -19782492.85567632
313 9430387.32550658 -14302895.58416984 -19783692.65804210
314 9431512.49299045 -14300531.26043114 -19784892.02044472
315 9432637.84574577 -14298166.85887732 -19786090.94285853
316 9433763.38376530 -14295802.37957616 -19787289.42525790
317 9434889.10704185 -14293437.82259539 -19788487.46761719
318 9436015.01556820 -14291073.18800278 -19789685.06991079
319 9437141.10933707 -14288708.47586611 -19790882.23211310
320 9438267.38834126 -14286343.68625310 -19792078.95419854
321 9439393.85257343 -14283978.81923158 -19793275.23614148
322 9440520.50202638 -14281613.87486924 -19794471.07791639
323 9441647.33669275 -14279248.85323389 -19795666.47949769
324 9442774.35656527 -14276883.75439329 -19796861.44085982
325 9443901.56163660 -14274518.57841519 -19798055.96197725
326 9445028.95189944 -14272153.32536735 -19799250.04282444
327 9446156.52734640 -14269787.99531758 -19800443.68337587
328 9447284.28797017 -14267422.58833358 -19801636.88360601
329 9448412.23376334 -14265057.10448316 -19802829.64348938
330 9449540.36471855 -14262691.54383407 -19804021.96300049
331 9450668.68082841 -14260325.90645409 -19805213.84211385
332 9451797.18208550 -14257960.19241096 -19806405.28080398
333 9452925.86848239 -14255594.40177247 -19807596.27904544
334 9454054.74001167 -14253228.53460637 -19808786.83681276
335 9455183.79666588 -14250862.59098044 -19809976.95408052
336 9456313.03843758 -14248496.57096244 -19811166.63082328
337 9457442.46531926 -14246130.47462014 -19812355.86701561
338 9458572.07730347 -14243764.30202132 -19813544.66263212
339 9459701.87438271 -14241398.05323372 -19814733.01764740
340 9460831.85654946 -14239031.72832513 -19815920.93203606
341 9461962.02379620 -14236665.32736333 -19817108.40577273
342 9463092.37611539 -14234298.85041605 -19818295.43883206
343 9464222.91349950 -14231932.29755109 -19819482.03118865
344 9465353.63594097 -14229565.66883621 -19820668.18281718
345 9466484.54343219 -14227198.96433918 -19821853.89369231
346 9467615.63596561 -14224832.18412778 -19823039.16378872
347 9468746.91353364 -14222465.32826975 -19824223.99308109
348 9469878.37612864 -14220098.39683290 -19825408.38154411
349 9471010.02374300 -14217731.38988497 -19826592.32915249
350 9472141.85636908 -14215364.30749375 -19827775.83588094
351 9473273.87399925 -14212997.14972700 -19828958.90170419
352 9474406.07662581 -14210629.91665249 -19830141.52659697
353 9475538.46424113 -14208262.60833799 -19831323.71053405
354 9476671.03683747 -14205895.22485130 -19832505.45349015
355 9477803.79440719 -14203527.76626014 -19833686.75544006
356 9478936.73694253 -14201160.23263232 -19834867.61635856
357 9480069.86443580 -14198792.62403561 -19836048.03622042
358 9481203.17687924 -14196424.94053777 -19837228.01500046
359 9482336.67426510 -14194057.18220659 -19838407.55267347
360 9483470.35658562 -14191689.34910981 -19839586.64921428
361 9484604.22383305 -14189321.44131523 -19840765.30459771
362 9485738.27599955 -14186953.45889063 -19841943.51879861
363 9486872.51307735 -14184585.40190376 -19843121.29179183
364 9488006.93505865 -14182217.27042240 -19844298.62355223
365 9489141.54193560 -14179849.06451432 -19845475.51405466
366 9490276.33370036 -14177480.78424731 -19846651.96327403
367 9491411.31034508 -14175112.42968914 -19847827.97118522
368 9492546.47186192 -14172744.00090757 -19849003.53776313
369 9493681.81824297 -14170375.49797038 -19850178.66298267
370 9494817.34948035 -14168006.92094536 -19851353.34681876
371 9495953.06556616 -14165638.26990026 -19852527.58924635
372 9497088.96649250 -14163269.54490287 -19853701.39024037
373 9498225.05225141 -14160900.74602097 -19854874.74977577
374 9499361.32283498 -14158531.87332231 -19856047.66782752
375 9500497.77823522 -14156162.92687469 -19857220.14437060
376 9501634.41844421 -14153793.90674589 -19858392.17937998
377 9502771.24345394 -14151424.81300366 -19859563.77283067
378 9503908.25325641 -14149055.64571579 -19860734.92469766
379 9505045.44784365 -14146686.40495006 -19861905.63495599
380 9506182.82720762 -14144317.09077422 -19863075.90358066
381 9507320.39134029 -14141947.70325609 -19864245.73054672
382 9508458.14023364 -14139578.24246340 -19865415.11582922
383 9509596.07387958 -14137208.70846397 -19866584.05940320
384 9510734.19227007 -14134839.10132554 -19867752.56124374
385 9511872.49539701 -14132469.42111590 -19868920.62132593
386 9513010.98325233 -14130099.66790282 -19870088.23962484
387 9514149.65582790 -14127729.84175411 -19871255.41611557
388 9515288.51311561 -14125359.94273750 -19872422.15077323
389 9516427.55510733 -14122989.97092079 -19873588.44357295
390 9517566.78179494 -14120619.92637176 -19874754.29448986
391 9518706.19317024 -14118249.80915817 -19875919.70349908
392 9519845.78922509 -14115879.61934782 -19877084.67057578
393 9520985.56995130 -14113509.35700846 -19878249.19569511
394 9522125.53534068 -14111139.02220789 -19879413.27883226
395 9523265.68538500 -14108768.61501390 -19880576.91996238
396 9524406.02007607 -14106398.13549423 -19881740.11906069
397 9525546.53940565 -14104027.58371668 -19882902.87610238
398 9526687.24336550 -14101656.95974900 -19884065.19106267
399 9527828.13194734 -14099286.26365900 -19885227.06391677
400 9528969.20514290 -14096915.49551447 -19886388.49463992
401 9530110.46294394 -14094544.65538314 -19887549.48320737
402 9531251.90534212 -14092173.74333282 -19888710.02959438
403 9532393.53232913 -14089802.75943129 -19889870.13377620
404 9533535.34389668 -14087431.70374631 -19891029.79572811
405 9534677.34003642 -14085060.57634566 -19892189.01542540
406 9535819.52073999 -14082689.37729713 -19893347.79284335
407 9536961.88599905 -14080318.10666849 -19894506.12795728
408 9538104.43580521 -14077946.76452754 -19895664.02074251
409 9539247.17015012 -14075575.35094201 -19896821.47117436
410 9540390.08902534 -14073203.86597972 -19897978.47922818
411 9541533.19242249 -14070832.30970844 -19899135.04487929
412 9542676.48033312 -14068460.68219593 -19900291.16810307
413 9543819.95274883 -14066088.98350998 -19901446.84887489
414 9544963.60966114 -14063717.21371839 -19902602.08717012
415 9546107.45106161 -14061345.37288888 -19903756.88296416
416 9547251.47694175 -14058973.46108931 -19904911.23623239
417 9548395.68729309 -14056601.47838738 -19906065.14695024
418 9549540.08210712 -14054229.42485091 -19907218.61509312
419 9550684.66137533 -14051857.30054767 -19908371.64063646
420 9551829.42508920 -14049485.10554544 -19909524.22355571
421 9552974.37324019 -14047112.83991199 -19910676.36382631
422 9554119.50581975 -14044740.50371512 -19911828.06142374
423 9555264.82281933 -14042368.09702257 -19912979.31632345
424 9556410.32423032 -14039995.61990216 -19914130.12850094
425 9557556.01004416 -14037623.07242164 -19915280.49793169
426 9558701.88025226 -14035250.45464880 -19916430.42459121
427 9559847.93484599 -14032877.76665141 -19917579.90845502
428 9560994.17381673 -14030505.00849726 -19918728.94949864
429 9562140.59715583 -14028132.18025412 -19919877.54769761
430 9563287.20485466 -14025759.28198976 -19921025.70302746
431 9564433.99690454 -14023386.31377196 -19922173.41546376
432 9565580.97329679 -14021013.27566852 -19923320.68498207
433 9566728.13402273 -14018640.16774721 -19924467.51155796
434 9567875.47907367 -14016266.99007578 -19925613.89516703
435 9569023.00844088 -14013893.74272203 -19926759.83578487
436 9570170.72211563 -14011520.42575375 -19927905.33338709
437 9571318.62008918 -14009147.03923870 -19929050.38794931
438 9572466.70235280 -14006773.58324466 -19930194.99944714
439 9573614.96889772 -14004400.05783939 -19931339.16785625
440 9574763.41971512 -14002026.46309070 -19932482.89315227
441 9575912.05479625 -13999652.79906637 -19933626.17531086
442 9577060.87413231 -13997279.06583414 -19934769.01430769
443 9578209.87771446 -13994905.26346182 -19935911.41011844
444 9579359.06553389 -13992531.39201716 -19937053.36271881
445 9580508.43758176 -13990157.45156796 -19938194.87208449
446 9581657.99384920 -13987783.44218199 -19939335.93819120
447 9582807.73432735 -13985409.36392703 -19940476.56101466
448 9583957.65900735 -13983035.21687083 -19941616.74053060
449 9585107.76788026 -13980661.00108122 -19942756.47671476
450 9586258.06093725 -13978286.71662592 -19943895.76954290
451 9587408.53816933 -13975912.36357275 -19945034.61899078
452 9588559.19956762 -13973537.94198946 -19946173.02503417
453 9589710.04512314 -13971163.45194384 -19947310.98764886
454 9590861.07482696 -13968788.89350367 -19948448.50681065
455 9592012.28867010 -13966414.26673670 -19949585.58249533
456 9593163.68664360 -13964039.57171073 -19950722.21467873
457 9594315.26873844 -13961664.80849353 -19951858.40333666
458 9595467.03494562 -13959289.97715288 -19952994.14844498
459 9596618.98525615 -13956915.07775654 -19954129.44997951
460 9597771.11966096 -13954540.11037230 -19955264.30791613
461 9598923.43815102 -13952165.07506794 -19956398.72223070
462 9600075.94071728 -13949789.97191122 -19957532.69289909
463 9601228.62735068 -13947414.80096991 -19958666.21989720
464 9602381.49804212 -13945039.56231181 -19959799.30320092
465 9603534.55278250 -13942664.25600468 -19960931.94278616
466 9604687.79156272 -13940288.88211630 -19962064.13862885
467 9605841.21437369 -13937913.44071442 -19963195.89070491
468 9606994.82120624 -13935537.93186685 -19964327.19899028
469 9608148.61205122 -13933162.35564135 -19965458.06346092
470 9609302.58689950 -13930786.71210568 -19966588.48409279
471 9610456.74574191 -13928411.00132764 -19967718.46086185
472 9611611.08856924 -13926035.22337498 -19968847.99374408
473 9612765.61537231 -13923659.37831549 -19969977.08271549
474 9613920.32614191 -13921283.46621694 -19971105.72775209
475 9615075.22086883 -13918907.48714708 -19972233.92882986
476 9616230.29954381 -13916531.44117372 -19973361.68592485
477 9617385.56215765 -13914155.32836462 -19974488.99901308
478 9618541.00870104 -13911779.14878753 -19975615.86807061
479 9619696.63916473 -13909402.90251025 -19976742.29307348
480 9620852.45353944 -13907026.58960054 -19977868.27399777
481 9622008.45181586 -13904650.21012618 -19978993.81081954
482 9623164.63398469 -13902273.76415494 -19980118.90351489
483 9624321.00003661 -13899897.25175457 -19981243.55205991
484 9625477.54996227 -13897520.67299289 -19982367.75643070
485 9626634.28375234 -13895144.02793760 -19983491.51660340
486 9627791.20139745 -13892767.31665654 -19984614.83255412
487 9628948.30288822 -13890390.53921745 -19985737.70425899
488 9630105.58821529 -13888013.69568809 -19986860.13169419
489 9631263.05736926 -13885636.78613623 -19987982.11483585
490 9632420.71034067 -13883259.81062969 -19989103.65366015
491 9633578.54712014 -13880882.76923618 -19990224.74814327
492 9634736.56769823 -13878505.66202350 -19991345.39826141
493 9635894.77206548 -13876128.48905940 -19992465.60399075
494 9637053.16021244 -13873751.25041167 -19993585.36530752
495 9638211.73212961 -13871373.94614808 -19994704.68218794
496 9639370.48780755 -13868996.57633637 -19995823.55460823
497 9640529.42723673 -13866619.14104433 -19996941.98254464
498 9641688.55040762 -13864241.64033973 -19998059.96597343
499 9642847.85731072 -13861864.07429033 -19999177.50487085
500 9644007.34793650 -13859486.44296390 -20000294.59921319
501 9645167.02227540 -13857108.74642820 -20001411.24897672
502 9646326.88031784 -13854730.98475102 -20002527.45413774
503 9647486.92205426 -13852353.15800011 -20003643.21467256
504 9648647.14747508 -13849975.26624323 -20004758.53055749
505 9649807.55657068 -13847597.30954816 -20005873.40176885
506 9650968.14933147 -13845219.28798265 -20006987.82828299
507 9652128.92574779 -13842841.20161449 -20008101.81007625
508 9653289.88581004 -13840463.05051141 -20009215.34712500
509 9654451.02950854 -13838084.83474123 -20010328.43940558
510 9655612.35683364 -13835706.55437165 -20011441.08689440
511 9656773.86777565 -13833328.20947049 -20012553.28956782
512 9657935.56232490 -13830949.80010548 -20013665.04740226
513 9659097.44047167 -13828571.32634439 -20014776.36037412
514 9660259.50220627 -13826192.78825499 -20015887.22845982
515 9661421.74751893 -13823814.18590505 -20016997.65163580
516 9662584.17639996 -13821435.51936231 -20018107.62987849
517 9663746.78883956 -13819056.78869457 -20019217.16316434
518 9664909.58482800 -13816677.99396955 -20020326.25146982
519 9666072.56435547 -13814299.13525505 -20021434.89477140
520 9667235.72741221 -13811920.21261880 -20022543.09304557
521 9668399.07398842 -13809541.22612858 -20023650.84626881
522 9669562.60407426 -13807162.17585214 -20024758.15441762
523 9670726.31765990 -13804783.06185725 -20025865.01746853
524 9671890.21473552 -13802403.88421167 -20026971.43539807
525 9673054.29529124 -13800024.64298316 -20028077.40818274
526 9674218.55931724 -13797645.33823947 -20029182.93579911
527 9675383.00680358 -13795265.97004837 -20030288.01822374
528 9676547.63774040 -13792886.53847763 -20031392.65543319
529 9677712.45211781 -13790507.04359498 -20032496.84740404
530 9678877.44992586 -13788127.48546820 -20033600.59411285
531 9680042.63115464 -13785747.86416504 -20034703.89553627
532 9681207.99579421 -13783368.17975326 -20035806.75165087
533 9682373.54383460 -13780988.43230062 -20036909.16243326
534 9683539.27526585 -13778608.62187487 -20038011.12786011
535 9684705.19007799 -13776228.74854376 -20039112.64790802
536 9685871.28826101 -13773848.81237508 -20040213.72255366
537 9687037.56980491 -13771468.81343654 -20041314.35177369
538 9688204.03469967 -13769088.75179594 -20042414.53554476
539 9689370.68293528 -13766708.62752099 -20043514.27384358
540 9690537.51450166 -13764328.44067948 -20044613.56664682
541 9691704.52938878 -13761948.19133915 -20045712.41393119
542 9692871.72758656 -13759567.87956776 -20046810.81567341
543 9694039.10908494 -13757187.50543305 -20047908.77185020
544 9695206.67387378 -13754807.06900280 -20049006.28243828
545 9696374.42194302 -13752426.57034472 -20050103.34741440
546 9697542.35328250 -13750046.00952661 -20051199.96675532
547 9698710.46788213 -13747665.38661619 -20052296.14043781
548 9699878.76573174 -13745284.70168122 -20053391.86843863
549 9701047.24682117 -13742903.95478946 -20054487.15073457
550 9702215.91114025 -13740523.14600866 -20055581.98730244
551 9703384.75867883 -13738142.27540654 -20056676.37811903
552 9704553.78942666 -13735761.34305090 -20057770.32316115
553 9705723.00337358 -13733380.34900945 -20058863.82240565
554 9706892.40050935 -13730999.29334994 -20059956.87582936
555 9708061.98082374 -13728618.17614015 -20061049.48340912
556 9709231.74430648 -13726236.99744779 -20062141.64512179
557 9710401.69094734 -13723855.75734065 -20063233.36094425
558 9711571.82073606 -13721474.45588644 -20064324.63085338
559 9712742.13366233 -13719093.09315291 -20065415.45482605
560 9713912.62971585 -13716711.66920784 -20066505.83283918
561 9715083.30888632 -13714330.18411894 -20067595.76486968
562 9716254.17116343 -13711948.63795396 -20068685.25089446
563 9717425.21653685 -13709567.03078067 -20069774.29089046
564 9718596.44499619 -13707185.36266679 -20070862.88483463
565 9719767.85653113 -13704803.63368007 -20071951.03270391
566 9720939.45113129 -13702421.84388826 -20073038.73447526
567 9722111.22878628 -13700039.99335910 -20074125.99012566
568 9723283.18948570 -13697658.08216032 -20075212.79963210
569 9724455.33321915 -13695276.11035969 -20076299.16297157
570 9725627.65997621 -13692894.07802492 -20077385.08012108
571 9726800.16974642 -13690511.98522378 -20078470.55105764
572 9727972.86251936 -13688129.83202398 -20079555.57575828
573 9729145.73828455 -13685747.61849330 -20080640.15420003
574 9730318.79703153 -13683365.34469944 -20081724.28635994
575 9731492.03874980 -13680983.01071016 -20082807.97221507
576 9732665.46342887 -13678600.61659320 -20083891.21174248
577 9733839.07105823 -13676218.16241629 -20084974.00491926
578 9735012.86162736 -13673835.64824717 -20086056.35172250
579 9736186.83512571 -13671453.07415359 -20087138.25212929
580 9737360.99154275 -13669070.44020326 -20088219.70611674
581 9738535.33086789 -13666687.74646394 -20089300.71366198
582 9739709.85309057 -13664304.99300336 -20090381.27474213
583 9740884.55820023 -13661922.17988925 -20091461.38933433
584 9742059.44618623 -13659539.30718934 -20092541.05741575
585 9743234.51703797 -13657156.37497138 -20093620.27896353
586 9744409.77074483 -13654773.38330310 -20094699.05395485
587 9745585.20729617 -13652390.33225222 -20095777.38236690
588 9746760.82668135 -13650007.22188647 -20096855.26417688
589 9747936.62888969 -13647624.05227360 -20097932.69936197
590 9749112.61391052 -13645240.82348136 -20099009.68789940
591 9750288.78173316 -13642857.53557742 -20100086.22976639
592 9751465.13234692 -13640474.18862956 -20101162.32494018
593 9752641.66574103 -13638090.78270550 -20102237.97339802
594 9753818.38190483 -13635707.31787296 -20103313.17511716
595 9754995.28082755 -13633323.79419967 -20104387.93007485
596 9756172.36249845 -13630940.21175336 -20105462.23824841
597 9757349.62690676 -13628556.57060177 -20106536.09961510
598 9758527.07404169 -13626172.87081262 -20107609.51415220
599 9759704.70389248 -13623789.11245361 -20108682.48183705
600 9760882.51644831 -13621405.29559250 -20109755.00264698
601 9762060.51169836 -13619021.42029701 -20110827.07655927
602 9763238.68963181 -13616637.48663485 -20111898.70355130
603 9764417.05023785 -13614253.49467375 -20112969.88360042
604 9765595.59350557 -13611869.44448145 -20114040.61668397
605 9766774.31942416 -13609485.33612564 -20115110.90277933
606 9767953.22798269 -13607101.16967408 -20116180.74186390
607 9769132.31917033 -13604716.94519445 -20117250.13391505
608 9770311.59297612 -13602332.66275452 -20118319.07891019
609 9771491.04938918 -13599948.32242198 -20119387.57682674
610 9772670.68839857 -13597563.92426454 -20120455.62764211
611 9773850.50999335 -13595179.46834994 -20121523.23133375
612 9775030.51416257 -13592794.95474590 -20122590.38787910
613 9776210.70089526 -13590410.38352013 -20123657.09725561
614 9777391.07018044 -13588025.75474035 -20124723.35944075
615 9778571.62200713 -13585641.06847427 -20125789.17441199
616 9779752.35636432 -13583256.32478961 -20126854.54214684
617 9780933.27324099 -13580871.52375409 -20127919.46262277
618 9782114.37262612 -13578486.66543542 -20128983.93581730
619 9783295.65450865 -13576101.74990132 -20130047.96170795
620 9784477.11887755 -13573716.77721950 -20131111.54027224
621 9785658.76572175 -13571331.74745767 -20132174.67148772
622 9786840.59503013 -13568946.66068356 -20133237.35533193
623 9788022.60679165 -13566561.51696485 -20134299.59178245
624 9789204.80099520 -13564176.31636927 -20135361.38081682
625 9790387.17762963 -13561791.05896454 -20136422.72241265
626 9791569.73668383 -13559405.74481834 -20137483.61654753
627 9792752.47814666 -13557020.37399842 -20138544.06319904
628 9793935.40200697 -13554634.94657246 -20139604.06234480
629 9795118.50825356 -13552249.46260817 -20140663.61396245
630 9796301.79687530 -13549863.92217326 -20141722.71802960
631 9797485.26786095 -13547478.32533545 -20142781.37452392
632 9798668.92119934 -13545092.67216241 -20143839.58342304
633 9799852.75687922 -13542706.96272190 -20144897.34470464
634 9801036.77488939 -13540321.19708157 -20145954.65834640
635 9802220.97521859 -13537935.37530915 -20147011.52432599
636 9803405.35785558 -13535549.49747236 -20148067.94262112
637 9804589.92278905 -13533163.56363886 -20149123.91320949
638 9805774.67000777 -13530777.57387638 -20150179.43606883
639 9806959.59950040 -13528391.52825263 -20151234.51117684
640 9808144.71125568 -13526005.42683528 -20152289.13851130
641 9809330.00526225 -13523619.26969206 -20153343.31804992
642 9810515.48150882 -13521233.05689063 -20154397.04977049
643 9811701.13998400 -13518846.78849873 -20155450.33365076
644 9812886.98067645 -13516460.46458405 -20156503.16966851
645 9814073.00357483 -13514074.08521425 -20157555.55780155
646 9815259.20866773 -13511687.65045706 -20158607.49802767
647 9816445.59594374 -13509301.16038018 -20159658.99032468
648 9817632.16539147 -13506914.61505129 -20160710.03467041
649 9818818.91699953 -13504528.01453808 -20161760.63104269
650 9820005.85075644 -13502141.35890826 -20162810.77941934
651 9821192.96665078 -13499754.64822950 -20163860.47977826
652 9822380.26467108 -13497367.88256952 -20164909.73209729
653 9823567.74480588 -13494981.06199597 -20165958.53635430
654 9824755.40704371 -13492594.18657657 -20167006.89252719
655 9825943.25137303 -13490207.25637902 -20168054.80059384
656 9827131.27778237 -13487820.27147098 -20169102.26053216
657 9828319.48626021 -13485433.23192015 -20170149.27232009
658 9829507.87679500 -13483046.13779423 -20171195.83593553
659 9830696.44937519 -13480658.98916088 -20172241.95135642
660 9831885.20398923 -13478271.78608781 -20173287.61856072
661 9833074.14062557 -13475884.52864268 -20174332.83752640
662 9834263.25927260 -13473497.21689320 -20175377.60823141
663 9835452.55991872 -13471109.85090704 -20176421.93065374
664 9836642.04255234 -13468722.43075189 -20177465.80477137
665 9837831.70716183 -13466334.95649541 -20178509.23056231
666 9839021.55373554 -13463947.42820531 -20179552.20800456
667 9840211.58226187 -13461559.84594925 -20180594.73707617
668 9841401.79272911 -13459172.20979492 -20181636.81775515
669 9842592.18512561 -13456784.51981000 -20182678.45001955
670 9843782.75943968 -13454396.77606216 -20183719.63384741
671 9844973.51565964 -13452008.97861907 -20184760.36921682
672 9846164.45377374 -13449621.12754842 -20185800.65610584
673 9847355.57377031 -13447233.22291790 -20186840.49449255
674 9848546.87563758 -13444845.26479514 -20187879.88435506
675 9849738.35936381 -13442457.25324785 -20188918.82567146
676 9850930.02493725 -13440069.18834370 -20189957.31841988
677 9852121.87234610 -13437681.07015035 -20190995.36257845
678 9853313.90157862 -13435292.89873547 -20192032.95812529
679 9854506.11262297 -13432904.67416674 -20193070.10503856
680 9855698.50546736 -13430516.39651183 -20194106.80329642
681 9856891.08009995 -13428128.06583841 -20195143.05287705
682 9858083.83650893 -13425739.68221413 -20196178.85375860
683 9859276.77468245 -13423351.24570667 -20197214.20591929
684 9860469.89460862 -13420962.75638371 -20198249.10933730
685 9861663.19627558 -13418574.21431290 -20199283.56399085
686 9862856.67967146 -13416185.61956189 -20200317.56985817
687 9864050.34478436 -13413796.97219837 -20201351.12691749
688 9865244.19160233 -13411408.27229000 -20202384.23514703
689 9866438.22011349 -13409019.51990443 -20203416.89452508
690 9867632.43030589 -13406630.71510932 -20204449.10502987
691 9868826.82216758 -13404241.85797234 -20205480.86663969
692 9870021.39568658 -13401852.94856116 -20206512.17933284
693 9871216.15085095 -13399463.98694341 -20207543.04308758
694 9872411.08764870 -13397074.97318677 -20208573.45788226
695 9873606.20606779 -13394685.90735890 -20209603.42369516
696 9874801.50609625 -13392296.78952742 -20210632.94050462
697 9875996.98772204 -13389907.61976003 -20211662.00828898
698 9877192.65093312 -13387518.39812436 -20212690.62702659
699 9878388.49571745 -13385129.12468807 -20213718.79669581
700 9879584.52206296 -13382739.79951880 -20214746.51727499
701 9880780.72995757 -13380350.42268423 -20215773.78874253
702 9881977.11938921 -13377960.99425198 -20216800.61107681
703 9883173.69034577 -13375571.51428971 -20217826.98425625
704 9884370.44281514 -13373181.98286507 -20218852.90825924
705 9885567.37678518 -13370792.40004573 -20219878.38306420
706 9886764.49224376 -13368402.76589931 -20220903.40864957
707 9887961.78917876 -13366013.08049345 -20221927.98499381
708 9889159.26757798 -13363623.34389581 -20222952.11207534
709 9890356.92742924 -13361233.55617403 -20223975.78987265
710 9891554.76872037 -13358843.71739577 -20224999.01836420
711 9892752.79143918 -13356453.82762864 -20226021.79752849
712 9893950.99557345 -13354063.88694030 -20227044.12734400
713 9895149.38111093 -13351673.89539841 -20228066.00778924
714 9896347.94803940 -13349283.85307058 -20229087.43884273
715 9897546.69634662 -13346893.76002445 -20230108.42048300
716 9898745.62602032 -13344503.61632767 -20231128.95268858
717 9899944.73704819 -13342113.42204788 -20232149.03543802
718 9901144.02941799 -13339723.17725271 -20233168.66870988
719 9902343.50311740 -13337332.88200978 -20234187.85248273
720 9903543.15813411 -13334942.53638674 -20235206.58673516
721 9904742.99445577 -13332552.14045123 -20236224.87144573
722 9905943.01207006 -13330161.69427087 -20237242.70659307
723 9907143.21096465 -13327771.19791328 -20238260.09215578
724 9908343.59112714 -13325380.65144611 -20239277.02811249
725 9909544.15254516 -13322990.05493699 -20240293.51444182
726 9910744.89520632 -13320599.40845355 -20241309.55112242
727 9911945.81909825 -13318208.71206338 -20242325.13813294
728 9913146.92420849 -13315817.96583416 -20243340.27545205
729 9914348.21052465 -13313427.16983348 -20244354.96305842
730 9915549.67803426 -13311036.32412898 -20245369.20093074
731 9916751.32672491 -13308645.42878826 -20246382.98904769
732 9917953.15658408 -13306254.48387898 -20247396.32738800
733 9919155.16759933 -13303863.48946873 -20248409.21593036
734 9920357.35975815 -13301472.44562514 -20249421.65465352
735 9921559.73304805 -13299081.35241584 -20250433.64353621
736 9922762.28745652 -13296690.20990843 -20251445.18255718
737 9923965.02297103 -13294299.01817053 -20252456.27169518
738 9925167.93957902 -13291907.77726978 -20253466.91092899
739 9926371.03726796 -13289516.48727376 -20254477.10023739
740 9927574.31602528 -13287125.14825011 -20255486.83959916
741 9928777.77583840 -13284733.76026643 -20256496.12899311
742 9929981.41669472 -13282342.32339034 -20257504.96839804
743 9931185.23858164 -13279950.83768945 -20258513.35779279
744 9932389.24148656 -13277559.30323136 -20259521.29715618
745 9933593.42539685 -13275167.72008369 -20260528.78646705
746 9934797.79029985 -13272776.08831405 -20261535.82570427
747 9936002.33618291 -13270384.40799005 -20262542.41484669
748 9937207.06303339 -13267992.67917928 -20263548.55387319
749 9938411.97083858 -13265600.90194934 -20264554.24276265
750 9939617.05958581 -13263209.07636786 -20265559.48149398
751 9940822.32926236 -13260817.20250243 -20266564.27004607
752 9942027.77985553 -13258425.28042065 -20267568.60839784
753 9943233.41135259 -13256033.31019012 -20268572.49652822
754 9944439.22374078 -13253641.29187844 -20269575.93441616
755 9945645.21700736 -13251249.22555323 -20270578.92204058
756 9946851.39113957 -13248857.11128204 -20271581.45938047
757 9948057.74612461 -13246464.94913251 -20272583.54641478
758 9949264.28194972 -13244072.73917221 -20273585.18312250
759 9950470.99860207 -13241680.48146876 -20274586.36948261
760 9951677.89606885 -13239288.17608972 -20275587.10547413
761 9952884.97433724 -13236895.82310271 -20276587.39107605
762 9954092.23339439 -13234503.42257531 -20277587.22626741
763 9955299.67322744 -13232110.97457511 -20278586.61102723
764 9956507.29382352 -13229718.47916970 -20279585.54533456
765 9957715.09516979 -13227325.93642666 -20280584.02916846
766 9958923.07725331 -13224933.34641359 -20281582.06250798
767 9960131.24006119 -13222540.70919807 -20282579.64533220
768 9961339.58358051 -13220148.02484768 -20283576.77762022
769 9962548.10779837 -13217755.29343000 -20284573.45935111
770 9963756.81270180 -13215362.51501262 -20285569.69050400
771 9964965.69827784 -13212969.68966314 -20286565.47105799
772 9966174.76451353 -13210576.81744912 -20287560.80099223
773 9967384.01139591 -13208183.89843812 -20288555.68028584
774 9968593.43891197 -13205790.93269774 -20289550.10891797
775 9969803.04704870 -13203397.92029556 -20290544.08686778
776 9971012.83579307 -13201004.86129916 -20291537.61411445
777 9972222.80513210 -13198611.75577607 -20292530.69063715
778 9973432.95505271 -13196218.60379392 -20293523.31641508
779 9974643.28554184 -13193825.40542026 -20294515.49142743
780 9975853.79658643 -13191432.16072266 -20295507.21565343
781 9977064.48817341 -13189038.86976868 -20296498.48907228
782 9978275.36028969 -13186645.53262590 -20297489.31166323
783 9979486.41292214 -13184252.14936190 -20298479.68340552
784 9980697.64605766 -13181858.72004422 -20299469.60427841
785 9981909.05968313 -13179465.24474043 -20300459.07426115
786 9983120.65378539 -13177071.72351811 -20301448.09333302
787 9984332.42835127 -13174678.15644483 -20302436.66147333
788 9985544.38336764 -13172284.54358811 -20303424.77866134
789 9986756.51882129 -13169890.88501555 -20304412.44487638
790 9987968.83469903 -13167497.18079469 -20305399.66009777
791 9989181.33098768 -13165103.43099310 -20306386.42430482
792 9990394.00767398 -13162709.63567833 -20307372.73747689
793 9991606.86474475 -13160315.79491793 -20308358.59959332
794 9992819.90218670 -13157921.90877947 -20309344.01063346
795 9994033.11998660 -13155527.97733049 -20310328.97057670
796 9995246.51813117 -13153134.00063854 -20311313.47940241
797 9996460.09660712 -13150739.97877118 -20312297.53708997
798 9997673.85540119 -13148345.91179597 -20313281.14361881
799 9998887.79450005 -13145951.79978044 -20314264.29896833
800 10000101.91389039 -13143557.64279214 -20315247.00311795
801 10001316.21355886 -13141163.44089863 -20316229.25604710
802 10002530.69349214 -13138769.19416743 -20317211.05773523
803 10003745.35367687 -13136374.90266609 -20318192.40816180
804 10004960.19409967 -13133980.56646218 -20319173.30730628
805 10006175.21474716 -13131586.18562322 -20320153.75514813
806 10007390.41560595 -13129191.76021676 -20321133.75166684
807 10008605.79666265 -13126797.29031031 -20322113.29684192
808 10009821.35790381 -13124402.77597145 -20323092.39065287
809 10011037.09931601 -13122008.21726769 -20324071.03307920
810 10012253.02088583 -13119613.61426657 -20325049.22410046
811 10013469.12259980 -13117218.96703561 -20326026.96369617
812 10014685.40444442 -13114824.27564239 -20327004.25184590
813 10015901.86640623 -13112429.54015439 -20327981.08852919
814 10017118.50847176 -13110034.76063915 -20328957.47372561
815 10018335.33062748 -13107639.93716422 -20329933.40741476
816 10019552.33285986 -13105245.06979711 -20330908.88957623
817 10020769.51515539 -13102850.15860537 -20331883.92018962
818 10021986.87750052 -13100455.20365649 -20332858.49923453
819 10023204.41988169 -13098060.20501801 -20333832.62669060
820 10024422.14228533 -13095665.16275746 -20334806.30253746
821 10025640.04469785 -13093270.07694235 -20335779.52675476
822 10026858.12710569 -13090874.94764021 -20336752.29932215
823 10028076.38949520 -13088479.77491855 -20337724.62021929
824 10029294.83185279 -13086084.55884489 -20338696.48942588
825 10030513.45416480 -13083689.29948676 -20339667.90692158
826 10031732.25641764 -13081293.99691164 -20340638.87268611
827 10032951.23859758 -13078898.65118710 -20341609.38669917
828 10034170.40069101 -13076503.26238059 -20342579.44894047
829 10035389.74268421 -13074107.83055967 -20343549.05938976
830 10036609.26456349 -13071712.35579182 -20344518.21802676
831 10037828.96631518 -13069316.83814455 -20345486.92483124
832 10039048.84792553 -13066921.27768538 -20346455.17978295
833 10040268.90938080 -13064525.67448182 -20347422.98286166
834 10041489.15066726 -13062130.02860136 -20348390.33404716
835 10042709.57177115 -13059734.34011152 -20349357.23331924
836 10043930.17267871 -13057338.60907977 -20350323.68065771
837 10045150.95337614 -13054942.83557365 -20351289.67604238
838 10046371.91384964 -13052547.01966063 -20352255.21945307
839 10047593.05408544 -13050151.16140822 -20353220.31086963
840 10048814.37406969 -13047755.26088391 -20354184.95027189
841 10050035.87378856 -13045359.31815521 -20355149.13763971
842 10051257.55322822 -13042963.33328960 -20356112.87295297
843 10052479.41237479 -13040567.30635458 -20357076.15619153
844 10053701.45121442 -13038171.23741763 -20358038.98733529
845 10054923.66973322 -13035775.12654625 -20359001.36636416
846 10056146.06791728 -13033378.97380794 -20359963.29325802
847 10057368.64575273 -13030982.77927016 -20360924.76799682
848 10058591.40322562 -13028586.54300041 -20361885.79056047
849 10059814.34032202 -13026190.26506618 -20362846.36092892
850 10061037.45702799 -13023793.94553495 -20363806.47908213
851 10062260.75332958 -13021397.58447418 -20364766.14500004
852 10063484.22921281 -13019001.18195140 -20365725.35866265
853 10064707.88466371 -13016604.73803402 -20366684.12004993
854 10065931.71966827 -13014208.25278958 -20367642.42914188
855 10067155.73421250 -13011811.72628553 -20368600.28591849
856 10068379.92828234 -13009415.15858935 -20369557.69035979
857 10069604.30186381 -13007018.54976849 -20370514.64244581
858 10070828.85494284 -13004621.89989047 -20371471.14215657
859 10072053.58750536 -13002225.20902272 -20372427.18947214
860 10073278.49953733 -12999828.47723272 -20373382.78437255
861 10074503.59102465 -12997431.70458793 -20374337.92683790
862 10075728.86195321 -12995034.89115585 -20375292.61684824
863 10076954.31230893 -12992638.03700392 -20376246.85438367
864 10078179.94207769 -12990241.14219959 -20377200.63942431
865 10079405.75124533 -12987844.20681033 -20378153.97195023
866 10080631.73979773 -12985447.23090363 -20379106.85194159
867 10081857.90772071 -12983050.21454693 -20380059.27937850
868 10083084.25500013 -12980653.15780766 -20381011.25424112
869 10084310.78162179 -12978256.06075333 -20381962.77650959
870 10085537.48757149 -12975858.92345135 -20382913.84616407
871 10086764.37283501 -12973461.74596922 -20383864.46318474
872 10087991.43739818 -12971064.52837433 -20384814.62755180
873 10089218.68124673 -12968667.27073416 -20385764.33924542
874 10090446.10436641 -12966269.97311619 -20386713.59824583
875 10091673.70674297 -12963872.63558784 -20387662.40453322
876 10092901.48836215 -12961475.25821654 -20388610.75808784
877 10094129.44920966 -12959077.84106976 -20389558.65888992
878 10095357.58927121 -12956680.38421495 -20390506.10691971
879 10096585.90853247 -12954282.88771954 -20391453.10215746
880 10097814.40697916 -12951885.35165095 -20392399.64458345
881 10099043.08459691 -12949487.77607666 -20393345.73417797
882 10100271.94137140 -12947090.16106407 -20394291.37092129
883 10101500.97728826 -12944692.50668065 -20395236.55479372
884 10102730.19233312 -12942294.81299380 -20396181.28577557
885 10103959.58649160 -12939897.08007099 -20397125.56384717
886 10105189.15974931 -12937499.30797962 -20398069.38898885
887 10106418.91209183 -12935101.49678714 -20399012.76118095
888 10107648.84350475 -12932703.64656097 -20399955.68040382
889 10108878.95397364 -12930305.75736855 -20400898.14663784
890 10110109.24348404 -12927907.82927728 -20401840.15986338
891 10111339.71202151 -12925509.86235462 -20402781.72006082
892 10112570.35957156 -12923111.85666797 -20403722.82721056
893 10113801.18611974 -12920713.81228475 -20404663.48129301
894 10115032.19165152 -12918315.72927238 -20405603.68228859
895 10116263.37615242 -12915917.60769828 -20406543.43017773
896 10117494.73960789 -12913519.44762989 -20407482.72494086
897 10118726.28200343 -12911121.24913459 -20408421.56655842
898 10119958.00332448 -12908723.01227983 -20409359.95501090
899 10121189.90355647 -12906324.73713299 -20410297.89027876
900 10122421.98268484 -12903926.42376149 -20411235.37234247
901 10123654.24069502 -12901528.07223275 -20412172.40118253
902 10124886.67757242 -12899129.68261416 -20413108.97677945
903 10126119.29330239 -12896731.25497315 -20414045.09911373
904 10127352.08787035 -12894332.78937711 -20414980.76816590
905 10128585.06126166 -12891934.28589344 -20415915.98391650
906 10129818.21346167 -12889535.74458954 -20416850.74634607
907 10131051.54445571 -12887137.16553283 -20417785.05543516
908 10132285.05422913 -12884738.54879070 -20418718.91116435
909 10133518.74276726 -12882339.89443054 -20419652.31351421
910 10134752.61005538 -12879941.20251973 -20420585.26246533
911 10135986.65607877 -12877542.47312570 -20421517.75799830
912 10137220.88082274 -12875143.70631583 -20422449.80009374
913 10138455.28427255 -12872744.90215749 -20423381.38873226
914 10139689.86641345 -12870346.06071810 -20424312.52389450
915 10140924.62723070 -12867947.18206502 -20425243.20556110
916 10142159.56670949 -12865548.26626566 -20426173.43371270
917 10143394.68483508 -12863149.31338739 -20427103.20832997
918 10144629.98159266 -12860750.32349759 -20428032.52939358
919 10145865.45696742 -12858351.29666365 -20428961.39688422
920 10147101.11094454 -12855952.23295295 -20429889.81078257
921 10148336.94350919 -12853553.13243287 -20430817.77106935
922 10149572.95464654 -12851153.99517078 -20431745.27772527
923 10150809.14434171 -12848754.82123405 -20432672.33073105
924 10152045.51257983 -12846355.61069008 -20433598.93006743
925 10153282.05934604 -12843956.36360621 -20434525.07571517
926 10154518.78462543 -12841557.08004982 -20435450.76765500
927 10155755.68840311 -12839157.76008828 -20436376.00586770
928 10156992.77066412 -12836758.40378897 -20437300.79033406
929 10158230.03139357 -12834359.01121925 -20438225.12103486
930 10159467.47057651 -12831959.58244646 -20439148.99795089
931 10160705.08819797 -12829560.11753799 -20440072.42106298
932 10161942.88424297 -12827160.61656120 -20440995.39035194
933 10163180.85869656 -12824761.07958343 -20441917.90579860
934 10164419.01154373 -12822361.50667204 -20442839.96738381
935 10165657.34276947 -12819961.89789440 -20443761.57508842
936 10166895.85235876 -12817562.25331787 -20444682.72889328
937 10168134.54029657 -12815162.57300977 -20445603.42877930
938 10169373.40656787 -12812762.85703748 -20446523.67472732
939 10170612.45115759 -12810363.10546834 -20447443.46671826
940 10171851.67405065 -12807963.31836970 -20448362.80473303
941 10173091.07523200 -12805563.49580890 -20449281.68875254
942 10174330.65468652 -12803163.63785328 -20450200.11875772
943 10175570.41239911 -12800763.74457020 -20451118.09472950
944 10176810.34835465 -12798363.81602699 -20452035.61664883
945 10178050.46253801 -12795963.85229099 -20452952.68449668
946 10179290.75493406 -12793563.85342953 -20453869.29825401
947 10180531.22552761 -12791163.81950996 -20454785.45790179
948 10181771.87430353 -12788763.75059961 -20455701.16342104
949 10183012.70124661 -12786363.64676581 -20456616.41479274
950 10184253.70634169 -12783963.50807588 -20457531.21199790
951 10185494.88957352 -12781563.33459719 -20458445.55501756
952 10186736.25092692 -12779163.12639700 -20459359.44383274
953 10187977.79038662 -12776762.88354270 -20460272.87842448
954 10189219.50793742 -12774362.60610159 -20461185.85877386
955 10190461.40356404 -12771962.29414097 -20462098.38486192
956 10191703.47725122 -12769561.94772819 -20463010.45666974
957 10192945.72898367 -12767161.56693057 -20463922.07417841
958 10194188.15874609 -12764761.15181540 -20464833.23736903
959 10195430.76652320 -12762360.70245003 -20465743.94622270
960 10196673.55229967 -12759960.21890173 -20466654.20072056
961 10197916.51606015 -12757559.70123787 -20467564.00084370
962 10199159.65778933 -12755159.14952573 -20468473.34657329
963 10200402.97747184 -12752758.56383260 -20469382.23789049
964 10201646.47509231 -12750357.94422581 -20470290.67477642
965 10202890.15063535 -12747957.29077267 -20471198.65721228
966 10204134.00408558 -12745556.60354047 -20472106.18517926
967 10205378.03542761 -12743155.88259651 -20473013.25865853
968 10206622.24464599 -12740755.12800810 -20473919.87763131
969 10207866.63172530 -12738354.33984255 -20474826.04207880
970 10209111.19665010 -12735953.51816714 -20475731.75198223
971 10210355.93940496 -12733552.66304915 -20476637.00732285
972 10211600.85997438 -12731151.77455588 -20477541.80808188
973 10212845.95834288 -12728750.85275467 -20478446.15424060
974 10214091.23449497 -12726349.89771275 -20479350.04578026
975 10215336.68841518 -12723948.90949742 -20480253.48268215
976 10216582.32008794 -12721547.88817600 -20481156.46492755
977 10217828.12949776 -12719146.83381573 -20482058.99249776
978 10219074.11662907 -12716745.74648392 -20482961.06537410
979 10220320.28146635 -12714344.62624784 -20483862.68353788
980 10221566.62399400 -12711943.47317478 -20484763.84697044
981 10222813.14419646 -12709542.28733200 -20485664.55565310
982 10224059.84205812 -12707141.06878679 -20486564.80956723
983 10225306.71756338 -12704739.81760642 -20487464.60869420
984 10226553.77069665 -12702338.53385815 -20488363.95301537
985 10227801.00144227 -12699937.21760928 -20489262.84251212
986 10229048.40978460 -12697535.86892705 -20490161.27716586
987 10230295.99570801 -12695134.48787874 -20491059.25695799
988 10231543.75919681 -12692733.07453161 -20491956.78186992
989 10232791.70023534 -12690331.62895292 -20492853.85188308
990 10234039.81880789 -12687930.15120994 -20493750.46697890
991 10235288.11489875 -12685528.64136993 -20494646.62713885
992 10236536.58849224 -12683127.09950013 -20495542.33234437
993 10237785.23957260 -12680725.52566782 -20496437.58257692
994 10239034.06812410 -12678323.91994024 -20497332.37781801
995 10240283.07413097 -12675922.28238464 -20498226.71804911
996 10241532.25757748 -12673520.61306828 -20499120.60325172
997 10242781.61844782 -12671118.91205839 -20500014.03340735
998 10244031.15672621 -12668717.17942224 -20500907.00849754
999 10245280.87239685 -12666315.41522708 -20501799.52850381
1000 10246530.76544392 -12663913.61954012 -20502691.59340770
1001 10247780.83585159 -12661511.79242862 -20503583.20319078
1002 10249031.08360402 -12659109.93395983 -20504474.35783459
1003 10250281.50868535 -12656708.04420097 -20505365.05732073
1004 10251532.11107973 -12654306.12321928 -20506255.30163077
1005 10252782.89077129 -12651904.17108199 -20507145.09074632
1006 10254033.84774411 -12649502.18785635 -20508034.42464898
1007 10255284.98198230 -12647100.17360958 -20508923.30332036
1008 10256536.29346996 -12644698.12840889 -20509811.72674210
1009 10257787.78219114 -12642296.05232153 -20510699.69489583
1010 10259039.44812992 -12639893.94541472 -20511587.20776322
1011 10260291.29127032 -12637491.80775569 -20512474.26532591
1012 10261543.31159642 -12635089.63941163 -20513360.86756558
1013 10262795.50909219 -12632687.44044979 -20514247.01446391
1014 10264047.88374168 -12630285.21093737 -20515132.70600259
1015 10265300.43552887 -12627882.95094160 -20516017.94216333
1016 10266553.16443775 -12625480.66052969 -20516902.72292784
1017 10267806.07045230 -12623078.33976882 -20517787.04827784
1018 10269059.15355647 -12620675.98872625 -20518670.91819507
1019 10270312.41373421 -12618273.60746916 -20519554.33266128
1020 10271565.85096944 -12615871.19606476 -20520437.29165822
1021 10272819.46524614 -12613468.75458024 -20521319.79516766
1022 10274073.25654816 -12611066.28308282 -20522201.84317137
1023 10275327.22485941 -12608663.78163971 -20523083.43565115
1024 10276581.37016380 -12606261.25031808 -20523964.57258879
1025 10277835.69244520 -12603858.68918514 -20524845.25396610
1026 10279090.19168746 -12601456.09830808 -20525725.47976491
1027 10280344.86787441 -12599053.47775411 -20526605.24996705
1028 10281599.72098993 -12596650.82759039 -20527484.56455434
1029 10282854.75101782 -12594248.14788413 -20528363.42350866
1030 10284109.95794189 -12591845.43870251 -20529241.82681186
1031 10285365.34174594 -12589442.70011272 -20530119.77444581
1032 10286620.90241376 -12587039.93218195 -20530997.26639241
1033 10287876.63992913 -12584637.13497735 -20531874.30263353
1034 10289132.55427582 -12582234.30856612 -20532750.88315110
1035 10290388.64543754 -12579831.45301544 -20533627.00792702
1036 10291644.91339807 -12577428.56839248 -20534502.67694322
1037 10292901.35814112 -12575025.65476442 -20535377.89018164
1038 10294157.97965040 -12572622.71219842 -20536252.64762423
1039 10295414.77790961 -12570219.74076165 -20537126.94925294
1040 10296671.75290244 -12567816.74052128 -20538000.79504975
1041 10297928.90461257 -12565413.71154447 -20538874.18499663
1042 10299186.23302365 -12563010.65389841 -20539747.11907558
1043 10300443.73811935 -12560607.56765022 -20540619.59726860
1044 10301701.41988328 -12558204.45286709 -20541491.61955770
1045 10302959.27829909 -12555801.30961617 -20542363.18592490
1046 10304217.31335038 -12553398.13796460 -20543234.29635223
1047 10305475.52502078 -12550994.93797954 -20544104.95082175
1048 10306733.91329383 -12548591.70972817 -20544975.14931549
1049 10307992.47815313 -12546188.45327760 -20545844.89181554
1050 10309251.21958226 -12543785.16869500 -20546714.17830396
1051 10310510.13756476 -12541381.85604749 -20547583.00876284
1052 10311769.23208415 -12538978.51540226 -20548451.38317428
1053 10313028.50312397 -12536575.14682642 -20549319.30152038
1054 10314287.95066775 -12534171.75038711 -20550186.76378326
1055 10315547.57469899 -12531768.32615145 -20551053.76994507
1056 10316807.37520114 -12529364.87418662 -20551920.31998793
1057 10318067.35215771 -12526961.39455973 -20552786.41389399
1058 10319327.50555216 -12524557.88733790 -20553652.05164541
1059 10320587.83536796 -12522154.35258826 -20554517.23322437
1060 10321848.34158851 -12519750.79037796 -20555381.95861305
1061 10323109.02419726 -12517347.20077412 -20556246.22779365
1062 10324369.88317763 -12514943.58384384 -20557110.04074835
1063 10325630.91851301 -12512539.93965426 -20557973.39745939
1064 10326892.13018680 -12510136.26827251 -20558836.29790898
1065 10328153.51818237 -12507732.56976569 -20559698.74207936
1066 10329415.08248309 -12505328.84420091 -20560560.72995279
1067 10330676.82307233 -12502925.09164529 -20561422.26151150
1068 10331938.73993339 -12500521.31216595 -20562283.33673778
1069 10333200.83304963 -12498117.50583000 -20563143.95561389
1070 10334463.10240436 -12495713.67270452 -20564004.11812214
1071 10335725.54798088 -12493309.81285665 -20564863.82424482
1072 10336988.16976249 -12490905.92635347 -20565723.07396423
1073 10338250.96773245 -12488502.01326209 -20566581.86726271
1074 10339513.94187405 -12486098.07364959 -20567440.20412257
1075 10340777.09217052 -12483694.10758310 -20568298.08452617
1076 10342040.41860512 -12481290.11512969 -20569155.50845586
1077 10343303.92116107 -12478886.09635647 -20570012.47589399
1078 10344567.59982159 -12476482.05133051 -20570868.98682296
1079 10345831.45456989 -12474077.98011891 -20571725.04122512
1080 10347095.48538917 -12471673.88278875 -20572580.63908290
1081 10348359.69226257 -12469269.75940713 -20573435.78037869
1082 10349624.07517329 -12466865.61004111 -20574290.46509491
1083 10350888.63410449 -12464461.43475779 -20575144.69321398
1084 10352153.36903930 -12462057.23362422 -20575998.46471835
1085 10353418.27996085 -12459653.00670752 -20576851.77959045
1086 10354683.36685225 -12457248.75407473 -20577704.63781276
1087 10355948.62969663 -12454844.47579292 -20578557.03936775
1088 10357214.06847707 -12452440.17192918 -20579408.98423789
1089 10358479.68317664 -12450035.84255056 -20580260.47240567
1090 10359745.47377841 -12447631.48772415 -20581111.50385360
1091 10361011.44026547 -12445227.10751697 -20581962.07856419
1092 10362277.58262082 -12442822.70199612 -20582812.19651997
1093 10363543.90082752 -12440418.27122864 -20583661.85770347
1094 10364810.39486856 -12438013.81528160 -20584511.06209722
1095 10366077.06472698 -12435609.33422204 -20585359.80968379
1096 10367343.91038576 -12433204.82811702 -20586208.10044576
1097 10368610.93182788 -12430800.29703358 -20587055.93436567
1098 10369878.12903630 -12428395.74103880 -20587903.31142614
1099 10371145.50199401 -12425991.16019968 -20588750.23160977
1100 10372413.05068392 -12423586.55458330 -20589596.69489915
1101 10373680.77508898 -12421181.92425668 -20590442.70127689
1102 10374948.67519209 -12418777.26928688 -20591288.25072565
1103 10376216.75097620 -12416372.58974092 -20592133.34322806
1104 10377485.00242415 -12413967.88568585 -20592977.97876676
1105 10378753.42951887 -12411563.15718868 -20593822.15732442
1106 10380022.03224321 -12409158.40431647 -20594665.87888372
1107 10381290.81058003 -12406753.62713623 -20595509.14342734
1108 10382559.76451216 -12404348.82571500 -20596351.95093796
1109 10383828.89402248 -12401944.00011979 -20597194.30139831
1110 10385098.19909376 -12399539.15041762 -20598036.19479108
1111 10386367.67970882 -12397134.27667554 -20598877.63109902
1112 10387637.33585050 -12394729.37896053 -20599718.61030484
1113 10388907.16750153 -12392324.45733961 -20600559.13239132
1114 10390177.17464471 -12389919.51187983 -20601399.19734119
1115 10391447.35726279 -12387514.54264817 -20602238.80513724
1116 10392717.71533852 -12385109.54971164 -20603077.95576223
1117 10393988.24885464 -12382704.53313725 -20603916.64919896
1118 10395258.95779386 -12380299.49299202 -20604754.88543024
1119 10396529.84213889 -12377894.42934295 -20605592.66443887
1120 10397800.90187245 -12375489.34225701 -20606429.98620767
1121 10399072.13697721 -12373084.23180123 -20607266.85071948
1122 10400343.54743582 -12370679.09804259 -20608103.25795715
1123 10401615.13323098 -12368273.94104810 -20608939.20790352
1124 10402886.89434532 -12365868.76088473 -20609774.70054146
1125 10404158.83076150 -12363463.55761948 -20610609.73585384
1126 10405430.94246209 -12361058.33131935 -20611444.31382356
1127 10406703.22942973 -12358653.08205130 -20612278.43443352
1128 10407975.69164705 -12356247.80988232 -20613112.09766661
1129 10409248.32909660 -12353842.51487941 -20613945.30350574
1130 10410521.14176095 -12351437.19710953 -20614778.05193388
1131 10411794.12962268 -12349031.85663965 -20615610.34293394
1132 10413067.29266435 -12346626.49353676 -20616442.17648887
1133 10414340.63086846 -12344221.10786783 -20617273.55258164
1134 10415614.14421758 -12341815.69969981 -20618104.47119522
1135 10416887.83269418 -12339410.26909969 -20618934.93231259
1136 10418161.69628079 -12337004.81613441 -20619764.93591674
1137 10419435.73495988 -12334599.34087097 -20620594.48199068
1138 10420709.94871395 -12332193.84337629 -20621423.57051742
1139 10421984.33752543 -12329788.32371735 -20622252.20148000
1140 10423258.90137678 -12327382.78196111 -20623080.37486143
1141 10424533.64025046 -12324977.21817451 -20623908.09064477
1142 10425808.55412889 -12322571.63242449 -20624735.34881309
1143 10427083.64299446 -12320166.02477803 -20625562.14934944
1144 10428358.90682959 -12317760.39530206 -20626388.49223690
1145 10429634.34561668 -12315354.74406353 -20627214.37745857
1146 10430909.95933809 -12312949.07112936 -20628039.80499754
1147 10432185.74797618 -12310543.37656652 -20628864.77483693
1148 10433461.71151331 -12308137.66044193 -20629689.28695985
1149 10434737.84993184 -12305731.92282253 -20630513.34134943
1150 10436014.16321407 -12303326.16377524 -20631336.93798883
1151 10437290.65134231 -12300920.38336702 -20632160.07686119
1152 10438567.31429889 -12298514.58166477 -20632982.75794968
1153 10439844.15206609 -12296108.75873543 -20633804.98123747
1154 10441121.16462619 -12293702.91464590 -20634626.74670774
1155 10442398.35196144 -12291297.04946315 -20635448.05434371
1156 10443675.71405410 -12288891.16325406 -20636268.90412856
1157 10444953.25088643 -12286485.25608554 -20637089.29604552
1158 10446230.96244065 -12284079.32802454 -20637909.23007782
1159 10447508.84869896 -12281673.37913795 -20638728.70620869
1160 10448786.90964357 -12279267.40949268 -20639547.72442139
1161 10450065.14525671 -12276861.41915562 -20640366.28469917
1162 10451343.55552050 -12274455.40819372 -20641184.38702531
1163 10452622.14041715 -12272049.37667385 -20642002.03138308
1164 10453900.89992881 -12269643.32466292 -20642819.21775579
1165 10455179.83403761 -12267237.25222780 -20643635.94612673
1166 10456458.94272567 -12264831.15943544 -20644452.21647921
1167 10457738.22597514 -12262425.04635268 -20645268.02879657
1168 10459017.68376810 -12260018.91304646 -20646083.38306213
1169 10460297.31608666 -12257612.75958361 -20646898.27925924
1170 10461577.12291289 -12255206.58603108 -20647712.71737126
1171 10462857.10422886 -12252800.39245570 -20648526.69738156
1172 10464137.26001664 -12250394.17892439 -20649340.21927350
1173 10465417.59025825 -12247987.94550401 -20650153.28303050
1174 10466698.09493575 -12245581.69226142 -20650965.88863593
1175 10467978.77403115 -12243175.41926353 -20651778.03607320
1176 10469259.62752643 -12240769.12657719 -20652589.72532576
1177 10470540.65540363 -12238362.81426928 -20653400.95637702
1178 10471821.85764470 -12235956.48240666 -20654211.72921041
1179 10473103.23423164 -12233550.13105619 -20655022.04380941
1180 10474384.78514637 -12231143.76028474 -20655831.90015746
1181 10475666.51037085 -12228737.37015918 -20656641.29823805
1182 10476948.40988704 -12226330.96074635 -20657450.23803467
1183 10478230.48367683 -12223924.53211311 -20658258.71953078
1184 10479512.73172215 -12221518.08432631 -20659066.74270993
1185 10480795.15400487 -12219111.61745281 -20659874.30755561
1186 10482077.75050690 -12216705.13155945 -20660681.41405136
1187 10483360.52121012 -12214298.62671307 -20661488.06218071
1188 10484643.46609635 -12211892.10298053 -20662294.25192721
1189 10485926.58514746 -12209485.56042867 -20663099.98327442
1190 10487209.87834529 -12207078.99912431 -20663905.25620592
1191 10488493.34567166 -12204672.41913428 -20664710.07070527
1192 10489776.98710838 -12202265.82052545 -20665514.42675608
1193 10491060.80263724 -12199859.20336463 -20666318.32434195
1194 10492344.79224005 -12197452.56771864 -20667121.76344649
1195 10493628.95589854 -12195045.91365432 -20667924.74405332
1196 10494913.29359453 -12192639.24123847 -20668727.26614608
1197 10496197.80530972 -12190232.55053795 -20669529.32970842
1198 10497482.49102587 -12187825.84161954 -20670330.93472398
1199 10498767.35072469 -12185419.11455008 -20671132.08117643
1200 10500052.38438791 -12183012.36939638 -20671932.76904946
1201 10501337.59199722 -12180605.60622525 -20672732.99832675
1202 10502622.97353430 -12178198.82510350 -20673532.76899200
1203 10503908.52898085 -12175792.02609792 -20674332.08102892
1204 10505194.25831852 -12173385.20927534 -20675130.93442123
1205 10506480.16152894 -12170978.37470255 -20675929.32915265
1206 10507766.23859376 -12168571.52244635 -20676727.26520694
1207 10509052.48949464 -12166164.65257351 -20677524.74256784
1208 10510338.91421317 -12163757.76515088 -20678321.761219111 9088413.21089179 -15036418.93928664 -19388142.97748012
2 9089480.28684397 -15034082.19958381 -19389478.31204376
3 9090547.54969485 -15031745.36095641 -19390813.21511872
4 9091614.99944120 -15029408.42347192 -19392147.68667616
5 9092682.63607975 -15027071.38719786 -19393481.72668727
6 9093750.45960727 -15024734.25220171 -19394815.33512323
7 9094818.47002043 -15022397.01855102 -19396148.51195524
8 9095886.66731600 -15020059.68631326 -19397481.25715451
9 9096955.05149063 -15017722.25555597 -19398813.57069227
10 9098023.62254104 -15015384.72634666 -19400145.45253973
11 9099092.38046388 -15013047.09875283 -19401476.90266814
12 9100161.32525582 -15010709.37284201 -19402807.92104874
13 9101230.45691350 -15008371.54868170 -19404138.50765281
14 9102299.77543358 -15006033.62633942 -19405468.66245160
15 9103369.28081264 -15003695.60588272 -19406798.38541640
16 9104438.97304732 -15001357.48737907 -19408127.67651849
17 9105508.85213420 -14999019.27089603 -19409456.53572918
18 9106578.91806988 -14996680.95650112 -19410784.96301978
19 9107649.17085091 -14994342.54426184 -19412112.95836160
20 9108719.61047386 -14992004.03424575 -19413440.52172598
21 9109790.23693528 -14989665.42652034 -19414767.65308427
22 9110861.05023171 -14987326.72115314 -19416094.35240780
23 9111932.05035963 -14984987.91821173 -19417420.61966794
24 9113003.23731558 -14982649.01776358 -19418746.45483606
25 9114074.61109606 -14980310.01987625 -19420071.85788355
26 9115146.17169755 -14977970.92461728 -19421396.82878179
27 9116217.91911649 -14975631.73205419 -19422721.36750219
28 9117289.85334935 -14973292.44225451 -19424045.47401616
29 9118361.97439260 -14970953.05528580 -19425369.14829512
30 9119434.28224266 -14968613.57121557 -19426692.39031050
31 9120506.77689591 -14966273.99011139 -19428015.20003375
32 9121579.45834880 -14963934.31204078 -19429337.57743632
33 9122652.32659771 -14961594.53707128 -19430659.52248966
34 9123725.38163902 -14959254.66527044 -19431981.03516526
35 9124798.62346909 -14956914.69670580 -19433302.11543460
36 9125872.05208427 -14954574.63144491 -19434622.76326917
37 9126945.66748093 -14952234.46955532 -19435942.97864047
38 9128019.46965537 -14949894.21110456 -19437262.76152001
39 9129093.45860393 -14947553.85616021 -19438582.11187933
40 9130167.63432288 -14945213.40478979 -19439901.02968995
41 9131241.99680856 -14942872.85706086 -19441219.51492343
42 9132316.54605720 -14940532.21304099 -19442537.56755130
43 9133391.28206510 -14938191.47279770 -19443855.18754514
44 9134466.20482849 -14935850.63639858 -19445172.37487652
45 9135541.31434362 -14933509.70391117 -19446489.12951703
46 9136616.61060672 -14931168.67540303 -19447805.45143826
47 9137692.09361402 -14928827.55094170 -19449121.34061182
48 9138767.76336167 -14926486.33059477 -19450436.79700931
49 9139843.61984593 -14924145.01442978 -19451751.82060238
50 9140919.66306291 -14921803.60251431 -19453066.41136264
51 9141995.89300882 -14919462.09491590 -19454380.56926177
52 9143072.30967979 -14917120.49170214 -19455694.29427139
53 9144148.91307196 -14914778.79294059 -19457007.58636318
54 9145225.70318147 -14912436.99869878 -19458320.44550882
55 9146302.68000443 -14910095.10904432 -19459632.87167999
56 9147379.84353692 -14907753.12404478 -19460944.86484839
57 9148457.19377503 -14905411.04376771 -19462256.42498573
58 9149534.73071487 -14903068.86828069 -19463567.55206372
59 9150612.45435247 -14900726.59765128 -19464878.24605410
60 9151690.36468389 -14898384.23194707 -19466188.50692860
61 9152768.46170514 -14896041.77123564 -19467498.33465895
62 9153846.74541230 -14893699.21558454 -19468807.72921694
63 9154925.21580134 -14891356.56506136 -19470116.69057431
64 9156003.87286826 -14889013.81973369 -19471425.21870286
65 9157082.71660906 -14886670.97966910 -19472733.31357437
66 9158161.74701971 -14884328.04493516 -19474040.97516063
67 9159240.96409616 -14881985.01559948 -19475348.20343345
68 9160320.36783438 -14879641.89172961 -19476654.99836467
69 9161399.95823027 -14877298.67339316 -19477961.35992609
70 9162479.73527980 -14874955.36065768 -19479267.28808957
71 9163559.69897882 -14872611.95359081 -19480572.78282696
72 9164639.84932329 -14870268.45226009 -19481877.84411010
73 9165720.18630904 -14867924.85673312 -19483182.47191087
74 9166800.70993198 -14865581.16707750 -19484486.66620116
75 9167881.42018795 -14863237.38336083 -19485790.42695285
76 9168962.31707281 -14860893.50565065 -19487093.75413784
77 9170043.40058235 -14858549.53401462 -19488396.64772803
78 9171124.67071246 -14856205.46852029 -19489699.10769537
79 9172206.12745889 -14853861.30923527 -19491001.13401178
80 9173287.77081747 -14851517.05622715 -19492302.72664918
81 9174369.60078396 -14849172.70956353 -19493603.88557955
82 9175451.61735414 -14846828.26931202 -19494904.61077484
83 9176533.82052377 -14844483.73554019 -19496204.90220701
84 9177616.21028860 -14842139.10831566 -19497504.75984805
85 9178698.78664433 -14839794.38770604 -19498804.18366997
86 9179781.54958670 -14837449.57377891 -19500103.17364474
87 9180864.49911144 -14835104.66660188 -19501401.72974440
88 9181947.63521421 -14832759.66624257 -19502699.85194096
89 9183030.95789070 -14830414.57276857 -19503997.54020646
90 9184114.46713657 -14828069.38624748 -19505294.79451294
91 9185198.16294749 -14825724.10674693 -19506591.61483244
92 9186282.04531911 -14823378.73433451 -19507888.00113704
93 9187366.11424703 -14821033.26907784 -19509183.95339881
94 9188450.36972688 -14818687.71104453 -19510479.47158983
95 9189534.81175428 -14816342.06030217 -19511774.55568220
96 9190619.44032481 -14813996.31691841 -19513069.20564803
97 9191704.25543404 -14811650.48096084 -19514363.42145942
98 9192789.25707754 -14809304.55249708 -19515657.20308849
99 9193874.44525088 -14806958.53159475 -19516950.55050739
100 9194959.81994959 -14804612.41832145 -19518243.46368827
101 9196045.38116920 -14802266.21274481 -19519535.94260328
102 9197131.12890521 -14799919.91493246 -19520827.98722457
103 9198217.06315315 -14797573.52495199 -19522119.59752433
104 9199303.18390847 -14795227.04287106 -19523410.77347474
105 9200389.49116670 -14792880.46875725 -19524701.51504800
106 9201475.98492326 -14790533.80267821 -19525991.82221634
107 9202562.66517363 -14788187.04470157 -19527281.69495193
108 9203649.53191322 -14785840.19489493 -19528571.13322702
109 9204736.58513750 -14783493.25332593 -19529860.13701385
110 9205823.82484184 -14781146.22006220 -19531148.70628466
111 9206911.25102166 -14778799.09517136 -19532436.84101173
112 9207998.86367235 -14776451.87872103 -19533724.54116730
113 9209086.66278928 -14774104.57077887 -19535011.80672365
114 9210174.64836782 -14771757.17141248 -19536298.63765308
115 9211262.82040330 -14769409.68068951 -19537585.03392788
116 9212351.17889109 -14767062.09867758 -19538870.99552036
117 9213439.72382651 -14764714.42544432 -19540156.52240286
118 9214528.45520482 -14762366.66105739 -19541441.61454768
119 9215617.37302138 -14760018.80558441 -19542726.27192716
120 9216706.47727146 -14757670.85909300 -19544010.49451367
121 9217795.76795033 -14755322.82165082 -19545294.28227955
122 9218885.24505324 -14752974.69332551 -19546577.63519719
123 9219974.90857543 -14750626.47418470 -19547860.55323895
124 9221064.75851218 -14748278.16429601 -19549143.03637723
125 9222154.79485869 -14745929.76372712 -19550425.08458443
126 9223245.01761014 -14743581.27254565 -19551706.69783296
127 9224335.42676178 -14741232.69081925 -19552987.87609525
128 9225426.02230876 -14738884.01861555 -19554268.61934371
129 9226516.80424625 -14736535.25600222 -19555548.92755080
130 9227607.77256944 -14734186.40304689 -19556828.80068896
131 9228698.92727343 -14731837.45981719 -19558108.23873066
132 9229790.26835340 -14729488.42638081 -19559387.24164837
133 9230881.79580445 -14727139.30280536 -19560665.80941458
134 9231973.50962169 -14724790.08915851 -19561943.94200176
135 9233065.40980021 -14722440.78550790 -19563221.63938243
136 9234157.49633511 -14720091.39192117 -19564498.90152911
137 9235249.76922143 -14717741.90846602 -19565775.72841431
138 9236342.22845426 -14715392.33521004 -19567052.12001057
139 9237434.87402863 -14713042.67222093 -19568328.07629042
140 9238527.70593958 -14710692.91956633 -19569603.59722643
141 9239620.72418211 -14708343.07731389 -19570878.68279117
142 9240713.92875125 -14705993.14553127 -19572153.33295718
143 9241807.31964197 -14703643.12428613 -19573427.54769709
144 9242900.89684928 -14701293.01364613 -19574701.32698346
145 9243994.66036813 -14698942.81367893 -19575974.67078891
146 9245088.61019349 -14696592.52445217 -19577247.57908605
147 9246182.74632028 -14694242.14603353 -19578520.05184752
148 9247277.06874343 -14691891.67849069 -19579792.08904594
149 9248371.57745789 -14689541.12189127 -19581063.69065396
150 9249466.27245855 -14687190.47630295 -19582334.85664424
151 9250561.15374028 -14684839.74179342 -19583605.58698944
152 9251656.22129798 -14682488.91843031 -19584875.88166224
153 9252751.47512653 -14680138.00628131 -19586145.74063533
154 9253846.91522076 -14677787.00541406 -19587415.16388140
155 9254942.54157552 -14675435.91589626 -19588684.15137317
156 9256038.35418563 -14673084.73779557 -19589952.70308333
157 9257134.35304593 -14670733.47117963 -19591220.81898465
158 9258230.53815121 -14668382.11611614 -19592488.49904984
159 9259326.90949623 -14666030.67267278 -19593755.74325164
160 9260423.46707582 -14663679.14091720 -19595022.55156285
161 9261520.21088472 -14661327.52091707 -19596288.92395619
162 9262617.14091768 -14658975.81274009 -19597554.86040447
163 9263714.25716945 -14656624.01645388 -19598820.36088048
164 9264811.55963473 -14654272.13212619 -19600085.42535699
165 9265909.04830828 -14651920.15982464 -19601350.05380684
166 9267006.72318477 -14649568.09961692 -19602614.24620284
167 9268104.58425889 -14647215.95157073 -19603878.00251782
168 9269202.63152532 -14644863.71575372 -19605141.32272463
169 9270300.86497873 -14642511.39223358 -19606404.20679610
170 9271399.28461376 -14640158.98107799 -19607666.65470510
171 9272497.89042506 -14637806.48235463 -19608928.66642452
172 9273596.68240723 -14635453.89613119 -19610190.24192722
173 9274695.66055493 -14633101.22247532 -19611451.38118610
174 9275794.82486271 -14630748.46145475 -19612712.08417406
175 9276894.17532519 -14628395.61313713 -19613972.35086401
176 9277993.71193693 -14626042.67759016 -19615232.18122888
177 9279093.43469249 -14623689.65488152 -19616491.57524160
178 9280193.34358642 -14621336.54507890 -19617750.53287511
179 9281293.43861328 -14618983.34824997 -19619009.05410236
180 9282393.71976754 -14616630.06446245 -19620267.13889633
181 9283494.18704376 -14614276.69378400 -19621524.78722998
182 9284594.84043643 -14611923.23628232 -19622781.99907629
183 9285695.67994002 -14609569.69202510 -19624038.77440826
184 9286796.70554901 -14607216.06108003 -19625295.11319890
185 9287897.91725786 -14604862.34351480 -19626551.01542123
186 9288999.31506102 -14602508.53939711 -19627806.48104826
187 9290100.89895293 -14600154.64879464 -19629061.51005303
188 9291202.66892799 -14597800.67177510 -19630316.10240859
189 9292304.62498061 -14595446.60840617 -19631570.25808799
190 9293406.76710523 -14593092.45875554 -19632823.97706430
191 9294509.09529618 -14590738.22289093 -19634077.25931060
192 9295611.60954787 -14588383.90088001 -19635330.10479997
193 9296714.30985463 -14586029.49279049 -19636582.51350552
194 9297817.19621083 -14583674.99869008 -19637834.48540033
195 9298920.26861078 -14581320.41864645 -19639086.02045755
196 9300023.52704882 -14578965.75272733 -19640337.11865029
197 9301126.97151923 -14576611.00100040 -19641587.77995169
198 9302230.60201634 -14574256.16353336 -19642838.00433490
199 9303334.41853441 -14571901.24039394 -19644087.79177307
200 9304438.42106772 -14569546.23164980 -19645337.14223939
201 9305542.60961051 -14567191.13736867 -19646586.05570702
202 9306646.98415705 -14564835.95761824 -19647834.53214915
203 9307751.54470154 -14562480.69246623 -19649082.57153900
204 9308856.29123823 -14560125.34198032 -19650330.17384976
205 9309961.22376129 -14557769.90622826 -19651577.33905465
206 9311066.34226494 -14555414.38527771 -19652824.06712691
207 9312171.64674336 -14553058.77919639 -19654070.35803978
208 9313277.13719071 -14550703.08805202 -19655316.21176650
209 9314382.81360114 -14548347.31191231 -19656561.62828034
210 9315488.67596879 -14545991.45084496 -19657806.60755457
211 9316594.72428782 -14543635.50491767 -19659051.14956248
212 9317700.95855232 -14541279.47419816 -19660295.25427736
213 9318807.37875638 -14538923.35875415 -19661538.92167249
214 9319913.98489412 -14536567.15865334 -19662782.15172122
215 9321020.77695961 -14534210.87396343 -19664024.94439683
216 9322127.75494692 -14531854.50475217 -19665267.29967269
217 9323234.91885009 -14529498.05108725 -19666509.21752213
218 9324342.26866315 -14527141.51303639 -19667750.69791850
219 9325449.80438018 -14524784.89066727 -19668991.74083517
220 9326557.52599515 -14522428.18404765 -19670232.34624552
221 9327665.43350205 -14520071.39324526 -19671472.51412291
222 9328773.52689492 -14517714.51832777 -19672712.24444077
223 9329881.80616770 -14515357.55936290 -19673951.53717247
224 9330990.27131435 -14513000.51641841 -19675190.39229146
225 9332098.92232886 -14510643.38956199 -19676428.80977113
226 9333207.75920512 -14508286.17886135 -19677666.78958494
227 9334316.78193711 -14505928.88438423 -19678904.33170634
228 9335425.99051868 -14503571.50619835 -19680141.43610876
229 9336535.38494379 -14501214.04437141 -19681378.10276570
230 9337644.96520628 -14498856.49897116 -19682614.33165061
231 9338754.73130007 -14496498.87006529 -19683850.12273700
232 9339864.68321898 -14494141.15772157 -19685085.47599835
233 9340974.82095689 -14491783.36200767 -19686320.39140817
234 9342085.14450763 -14489425.48299134 -19687554.86893999
235 9343195.65386502 -14487067.52074031 -19688788.90856732
236 9344306.34902286 -14484709.47532229 -19690022.51026373
237 9345417.22997498 -14482351.34680503 -19691255.67400273
238 9346528.29671514 -14479993.13525623 -19692488.39975791
239 9347639.54923712 -14477634.84074363 -19693720.68750283
240 9348750.98753469 -14475276.46333495 -19694952.53721106
241 9349862.61160158 -14472918.00309792 -19696183.94885620
242 9350974.42143155 -14470559.46010027 -19697414.92241186
243 9352086.41701829 -14468200.83440975 -19698645.45785163
244 9353198.59835555 -14465842.12609406 -19699875.55514915
245 9354310.96543701 -14463483.33522092 -19701105.21427804
246 9355423.51825632 -14461124.46185811 -19702334.43521194
247 9356536.25680720 -14458765.50607333 -19703563.21792451
248 9357649.18108330 -14456406.46793431 -19704791.56238941
249 9358762.29107825 -14454047.34750878 -19706019.46858032
250 9359875.58678570 -14451688.14486448 -19707246.93647091
251 9360989.06819925 -14449328.86006916 -19708473.96603487
252 9362102.73531253 -14446969.49319052 -19709700.55724592
253 9363216.58811913 -14444610.04429633 -19710926.71007777
254 9364330.62661263 -14442250.51345430 -19712152.42450413
255 9365444.85078660 -14439890.90073217 -19713377.70049876
256 9366559.26063460 -14437531.20619768 -19714602.53803537
257 9367673.85615017 -14435171.42991857 -19715826.93708775
258 9368788.63732685 -14432811.57196256 -19717050.89762964
259 9369903.60415814 -14430451.63239743 -19718274.41963483
260 9371018.75663759 -14428091.61129086 -19719497.50307710
261 9372134.09475864 -14425731.50871063 -19720720.14793025
262 9373249.61851481 -14423371.32472447 -19721942.35416809
263 9374365.32789955 -14421011.05940012 -19723164.12176443
264 9375481.22290632 -14418650.71280531 -19724385.45069309
265 9376597.30352857 -14416290.28500780 -19725606.34092791
266 9377713.56975973 -14413929.77607530 -19726826.79244276
267 9378830.02159319 -14411569.18607559 -19728046.80521147
268 9379946.65902240 -14409208.51507638 -19729266.37920793
269 9381063.48204073 -14406847.76314543 -19730485.51440601
270 9382180.49064155 -14404486.93035048 -19731704.21077958
271 9383297.68481824 -14402126.01675927 -19732922.46830257
272 9384415.06456415 -14399765.02243955 -19734140.28694888
273 9385532.62987263 -14397403.94745907 -19735357.66669242
274 9386650.38073701 -14395042.79188554 -19736574.60750713
275 9387768.31715057 -14392681.55578676 -19737791.10936695
276 9388886.43910665 -14390320.23923044 -19739007.17224582
277 9390004.74659855 -14387958.84228432 -19740222.79611772
278 9391123.23961952 -14385597.36501617 -19741437.98095661
279 9392241.91816283 -14383235.80749373 -19742652.72673647
280 9393360.78222174 -14380874.16978474 -19743867.03343130
281 9394479.83178949 -14378512.45195695 -19745080.90101509
282 9395599.06685932 -14376150.65407812 -19746294.32946186
283 9396718.48742440 -14373788.77621600 -19747507.31874563
284 9397838.09347798 -14371426.81843832 -19748719.86884045
285 9398957.88501323 -14369064.78081282 -19749931.97972035
286 9400077.86202332 -14366702.66340731 -19751143.65135938
287 9401198.02450143 -14364340.46628947 -19752354.88373160
288 9402318.37244070 -14361978.18952709 -19753565.67681111
289 9403438.90583427 -14359615.83318793 -19754776.03057196
290 9404559.62467526 -14357253.39733971 -19755985.94498828
291 9405680.52895679 -14354890.88205019 -19757195.42003414
292 9406801.61867196 -14352528.28738716 -19758404.45568369
293 9407922.89381386 -14350165.61341831 -19759613.05191104
294 9409044.35437555 -14347802.86021146 -19760821.20869033
295 9410166.00035012 -14345440.02783431 -19762028.92599570
296 9411287.83173059 -14343077.11635464 -19763236.20380131
297 9412409.84851001 -14340714.12584020 -19764443.04208133
298 9413532.05068140 -14338351.05635875 -19765649.44080994
299 9414654.43823779 -14335987.90797803 -19766855.39996133
300 9415777.01117214 -14333624.68076583 -19768060.91950968
301 9416899.76947748 -14331261.37478986 -19769265.99942923
302 9418022.71314675 -14328897.99011792 -19770470.63969417
303 9419145.84217294 -14326534.52681772 -19771674.84027874
304 9420269.15654896 -14324170.98495706 -19772878.60115720
305 9421392.65626776 -14321807.36460369 -19774081.92230377
306 9422516.34132230 -14319443.66582534 -19775284.80369271
307 9423640.21170544 -14317079.88868979 -19776487.24529831
308 9424764.26741008 -14314716.03326482 -19777689.24709485
309 9425888.50842914 -14312352.09961816 -19778890.80905661
310 9427012.93475547 -14309988.08781755 -19780091.93115790
311 9428137.54638192 -14307623.99793080 -19781292.61337303
312 9429262.34330135 -14305259.83002563 -19782492.85567632
313 9430387.32550658 -14302895.58416984 -19783692.65804210
314 9431512.49299045 -14300531.26043114 -19784892.02044472
315 9432637.84574577 -14298166.85887732 -19786090.94285853
316 9433763.38376530 -14295802.37957616 -19787289.42525790
317 9434889.10704185 -14293437.82259539 -19788487.46761719
318 9436015.01556820 -14291073.18800278 -19789685.06991079
319 9437141.10933707 -14288708.47586611 -19790882.23211310
320 9438267.38834126 -14286343.68625310 -19792078.95419854
321 9439393.85257343 -14283978.81923158 -19793275.23614148
322 9440520.50202638 -14281613.87486924 -19794471.07791639
323 9441647.33669275 -14279248.85323389 -19795666.47949769
324 9442774.35656527 -14276883.75439329 -19796861.44085982
325 9443901.56163660 -14274518.57841519 -19798055.96197725
326 9445028.95189944 -14272153.32536735 -19799250.04282444
327 9446156.52734640 -14269787.99531758 -19800443.68337587
328 9447284.28797017 -14267422.58833358 -19801636.88360601
329 9448412.23376334 -14265057.10448316 -19802829.64348938
330 9449540.36471855 -14262691.54383407 -19804021.96300049
331 9450668.68082841 -14260325.90645409 -19805213.84211385
332 9451797.18208550 -14257960.19241096 -19806405.28080398
333 9452925.86848239 -14255594.40177247 -19807596.27904544
334 9454054.74001167 -14253228.53460637 -19808786.83681276
335 9455183.79666588 -14250862.59098044 -19809976.95408052
336 9456313.03843758 -14248496.57096244 -19811166.63082328
337 9457442.46531926 -14246130.47462014 -19812355.86701561
338 9458572.07730347 -14243764.30202132 -19813544.66263212
339 9459701.87438271 -14241398.05323372 -19814733.01764740
340 9460831.85654946 -14239031.72832513 -19815920.93203606
341 9461962.02379620 -14236665.32736333 -19817108.40577273
342 9463092.37611539 -14234298.85041605 -19818295.43883206
343 9464222.91349950 -14231932.29755109 -19819482.03118865
344 9465353.63594097 -14229565.66883621 -19820668.18281718
345 9466484.54343219 -14227198.96433918 -19821853.89369231
346 9467615.63596561 -14224832.18412778 -19823039.16378872
347 9468746.91353364 -14222465.32826975 -19824223.99308109
348 9469878.37612864 -14220098.39683290 -19825408.38154411
349 9471010.02374300 -14217731.38988497 -19826592.32915249
350 9472141.85636908 -14215364.30749375 -19827775.83588094
351 9473273.87399925 -14212997.14972700 -19828958.90170419
352 9474406.07662581 -14210629.91665249 -19830141.52659697
353 9475538.46424113 -14208262.60833799 -19831323.71053405
354 9476671.03683747 -14205895.22485130 -19832505.45349015
355 9477803.79440719 -14203527.76626014 -19833686.75544006
356 9478936.73694253 -14201160.23263232 -19834867.61635856
357 9480069.86443580 -14198792.62403561 -19836048.03622042
358 9481203.17687924 -14196424.94053777 -19837228.01500046
359 9482336.67426510 -14194057.18220659 -19838407.55267347
360 9483470.35658562 -14191689.34910981 -19839586.64921428
361 9484604.22383305 -14189321.44131523 -19840765.30459771
362 9485738.27599955 -14186953.45889063 -19841943.51879861
363 9486872.51307735 -14184585.40190376 -19843121.29179183
364 9488006.93505865 -14182217.27042240 -19844298.62355223
365 9489141.54193560 -14179849.06451432 -19845475.51405466
366 9490276.33370036 -14177480.78424731 -19846651.96327403
367 9491411.31034508 -14175112.42968914 -19847827.97118522
368 9492546.47186192 -14172744.00090757 -19849003.53776313
369 9493681.81824297 -14170375.49797038 -19850178.66298267
370 9494817.34948035 -14168006.92094536 -19851353.34681876
371 9495953.06556616 -14165638.26990026 -19852527.58924635
372 9497088.96649250 -14163269.54490287 -19853701.39024037
373 9498225.05225141 -14160900.74602097 -19854874.74977577
374 9499361.32283498 -14158531.87332231 -19856047.66782752
375 9500497.77823522 -14156162.92687469 -19857220.14437060
376 9501634.41844421 -14153793.90674589 -19858392.17937998
377 9502771.24345394 -14151424.81300366 -19859563.77283067
378 9503908.25325641 -14149055.64571579 -19860734.92469766
379 9505045.44784365 -14146686.40495006 -19861905.63495599
380 9506182.82720762 -14144317.09077422 -19863075.90358066
381 9507320.39134029 -14141947.70325609 -19864245.73054672
382 9508458.14023364 -14139578.24246340 -19865415.11582922
383 9509596.07387958 -14137208.70846397 -19866584.05940320
384 9510734.19227007 -14134839.10132554 -19867752.56124374
385 9511872.49539701 -14132469.42111590 -19868920.62132593
386 9513010.98325233 -14130099.66790282 -19870088.23962484
387 9514149.65582790 -14127729.84175411 -19871255.41611557
388 9515288.51311561 -14125359.94273750 -19872422.15077323
389 9516427.55510733 -14122989.97092079 -19873588.44357295
390 9517566.78179494 -14120619.92637176 -19874754.29448986
391 9518706.19317024 -14118249.80915817 -19875919.70349908
392 9519845.78922509 -14115879.61934782 -19877084.67057578
393 9520985.56995130 -14113509.35700846 -19878249.19569511
394 9522125.53534068 -14111139.02220789 -19879413.27883226
395 9523265.68538500 -14108768.61501390 -19880576.91996238
396 9524406.02007607 -14106398.13549423 -19881740.11906069
397 9525546.53940565 -14104027.58371668 -19882902.87610238
398 9526687.24336550 -14101656.95974900 -19884065.19106267
399 9527828.13194734 -14099286.26365900 -19885227.06391677
400 9528969.20514290 -14096915.49551447 -19886388.49463992
401 9530110.46294394 -14094544.65538314 -19887549.48320737
402 9531251.90534212 -14092173.74333282 -19888710.02959438
403 9532393.53232913 -14089802.75943129 -19889870.13377620
404 9533535.34389668 -14087431.70374631 -19891029.79572811
405 9534677.34003642 -14085060.57634566 -19892189.01542540
406 9535819.52073999 -14082689.37729713 -19893347.79284335
407 9536961.88599905 -14080318.10666849 -19894506.12795728
408 9538104.43580521 -14077946.76452754 -19895664.02074251
409 9539247.17015012 -14075575.35094201 -19896821.47117436
410 9540390.08902534 -14073203.86597972 -19897978.47922818
411 9541533.19242249 -14070832.30970844 -19899135.04487929
412 9542676.48033312 -14068460.68219593 -19900291.16810307
413 9543819.95274883 -14066088.98350998 -19901446.84887489
414 9544963.60966114 -14063717.21371839 -19902602.08717012
415 9546107.45106161 -14061345.37288888 -19903756.88296416
416 9547251.47694175 -14058973.46108931 -19904911.23623239
417 9548395.68729309 -14056601.47838738 -19906065.14695024
418 9549540.08210712 -14054229.42485091 -19907218.61509312
419 9550684.66137533 -14051857.30054767 -19908371.64063646
420 9551829.42508920 -14049485.10554544 -19909524.22355571
421 9552974.37324019 -14047112.83991199 -19910676.36382631
422 9554119.50581975 -14044740.50371512 -19911828.06142374
423 9555264.82281933 -14042368.09702257 -19912979.31632345
424 9556410.32423032 -14039995.61990216 -19914130.12850094
425 9557556.01004416 -14037623.07242164 -19915280.49793169
426 9558701.88025226 -14035250.45464880 -19916430.42459121
427 9559847.93484599 -14032877.76665141 -19917579.90845502
428 9560994.17381673 -14030505.00849726 -19918728.94949864
429 9562140.59715583 -14028132.18025412 -19919877.54769761
430 9563287.20485466 -14025759.28198976 -19921025.70302746
431 9564433.99690454 -14023386.31377196 -19922173.41546376
432 9565580.97329679 -14021013.27566852 -19923320.68498207
433 9566728.13402273 -14018640.16774721 -19924467.51155796
434 9567875.47907367 -14016266.99007578 -19925613.89516703
435 9569023.00844088 -14013893.74272203 -19926759.83578487
436 9570170.72211563 -14011520.42575375 -19927905.33338709
437 9571318.62008918 -14009147.03923870 -19929050.38794931
438 9572466.70235280 -14006773.58324466 -19930194.99944714
439 9573614.96889772 -14004400.05783939 -19931339.16785625
440 9574763.41971512 -14002026.46309070 -19932482.89315227
441 9575912.05479625 -13999652.79906637 -19933626.17531086
442 9577060.87413231 -13997279.06583414 -19934769.01430769
443 9578209.87771446 -13994905.26346182 -19935911.41011844
444 9579359.06553389 -13992531.39201716 -19937053.36271881
445 9580508.43758176 -13990157.45156796 -19938194.87208449
446 9581657.99384920 -13987783.44218199 -19939335.93819120
447 9582807.73432735 -13985409.36392703 -19940476.56101466
448 9583957.65900735 -13983035.21687083 -19941616.74053060
449 9585107.76788026 -13980661.00108122 -19942756.47671476
450 9586258.06093725 -13978286.71662592 -19943895.76954290
451 9587408.53816933 -13975912.36357275 -19945034.61899078